-2.537842435573082867e+00 -3.700084245019393592e+00
4.787141903576459523e-01 -1.345690504041556546e+00
2.231540705068244812e-01 2.493812531424633772e+00
-2.981853302289129370e+00 -2.701322229029333055e+00
4.526757985865895506e+00 -3.189152427770176157e+00
-9.263503231105952862e-01 -7.590575239690227072e+00
1.408732250411713460e+00 1.909888441397730841e+00
5.126246301159069318e+00 5.194157382492837094e+00
4.055009549243603573e+00 -1.040082797620589083e+00
3.616609087513971144e+00 -2.530584073084531038e+00
-1.625961461083568871e+00 2.568166462978795472e+00
-1.653641016233515781e+00 7.216554372515874283e-01
-1.711519324961073174e+00 -1.446138630374124451e-03
-4.652996675278623373e-01 2.970321170227753882e+00
-1.220307341955248592e+00 1.764412721883845958e-01
-1.799556218696370058e+00 -1.756645965893637751e+00
1.648727130533345742e+00 -6.603486481250316897e-01
5.054175825907609720e+00 2.638493892853696732e+00
2.892710421607055160e+00 5.218579315674057639e+00
-3.599789914056354068e+00 -3.292397962445616333e+00
-1.985709202374329463e+00 1.454423512330145440e+00
-8.785901589980074089e-01 -6.924812362008921696e+00
-3.645952334651196836e+00 -1.212098966626062646e+00
7.946805451659054498e+00 -2.099040205546492399e-01
-2.044828134735944047e+00 -2.433473092480663791e+00
