2.169757091752019029e+00 -1.588641456515845540e+00
1.688245196076365237e-02 -1.609024779062539379e+00
-3.774237144692976109e+00 -5.918436411770308103e-01
-4.194993690453755697e+00 4.089393891535347159e+00
1.272406912756174346e-01 -2.403507506329088717e+00
-2.911097431567498006e+00 -5.013180409003488158e+00
2.779170587856368613e+00 3.500684461115681323e+00
1.039953874104117215e+00 -5.067804788750009948e+00
4.660230545258096768e+00 1.754900990233267066e+00
1.570825040500509751e+00 2.808643478524625703e+00
-2.943662186855144913e+00 -2.803175546815697139e+00
-5.629053821235255661e+00 -5.611895289984240698e+00
1.248359442922342133e+00 2.704346930392437010e+00
-6.541278891295018716e-02 4.512153990549957250e+00
-3.080753749552861409e-01 5.373049146285387989e-01
3.388507422494393406e+00 7.190283319905560466e-01
-1.870539445585415406e+00 -8.238308266128243629e-01
-1.360883616276033825e+00 8.305219225716868436e+00
3.159773476091089606e+00 -1.464587979911602833e+00
3.382963870224445557e+00 -3.125408355053592491e+00
6.916377530403572393e-01 -2.980514154929581938e+00
-2.663664072395659499e+00 2.049423862013465492e+00
-2.399722254107500952e+00 5.092097423128271849e+00
-1.007966240880181275e+00 8.326927988441647221e-02
-3.714475623895182599e-01 5.517796153921465496e+00
