3.276343542852385715e-01 -1.580849768614309481e+00
9.305819711714692632e-02 1.502244857673031397e+00
7.452946423682547117e-01 2.622045880938807638e+00
-2.393308766527931120e+00 -2.974234854995712940e+00
-1.536316602811911736e+00 -2.045907618564282604e+00
1.933220322922447831e+00 1.892127544865581656e+00
-2.352943029637446504e+00 2.001189424356084157e+00
2.536924940032763143e-01 -5.131605458052661994e+00
-4.424200126451582893e-01 -1.246567908081831044e+00
1.521351777169432040e+00 2.448908187758904287e+00
-2.125394053178647713e+00 -1.802737335406320751e+00
-1.042395301482492709e+00 1.394147538591620883e+00
1.913633101281781546e+00 -1.577365303030242583e+00
2.263660976300995387e+00 -5.547169071324565826e-01
-2.616800575518412941e+00 3.142276229339212579e-01
3.257795076960386393e-01 -3.330621276531915420e+00
4.359998413804555106e+00 -2.037460972858942565e+00
8.061697549619566416e-01 -2.775723862722605073e+00
-5.675885035480737750e-02 -2.854194465727086585e-02
-2.411532299318496497e-01 1.329508474883961400e-01
9.032300468334599763e-01 -3.125111518454977144e+00
1.943409213877780761e+00 1.032421582204967603e+00
1.786977847803376429e+00 1.937923441902548394e+00
8.751931854606536110e-01 -2.753338841657326785e+00
-2.285352495975819132e+00 1.202041456266610853e+00
