-4.108497827815304482e-01 -1.268745026626322936e+00
-4.191863894402008128e-01 3.282525081841209391e-01
2.930344632966489296e-02 -5.168625905267418830e-01
-3.197934952328791280e-03 1.080761055792128111e+00
-8.068960369243488584e-01 -2.974965294233722357e-01
1.619009522222163155e-01 -1.288816437199104548e-01
3.435583952315027223e-01 -1.130854969207406802e+00
-4.012513391982375777e-01 1.074252886133918228e+00
-3.721529691853274757e-01 5.925469147082492727e-01
3.341802788770688593e-01 -1.172932129227423514e+00
-3.863665051922532401e-01 -1.250961947502813310e-01
-4.805008448703760315e-01 5.075802233087659543e-01
-4.163962981980334210e-01 -1.781925295208115712e+00
2.601018922675037981e-01 -4.488606205912582525e-01
6.278891285071411255e-02 9.581824666740323959e-01
-1.269016011146563372e+00 7.728733498576399741e-02
5.424379522654875219e-01 -3.653952021316479448e-01
2.180452873623545673e-01 2.673113351465259968e-01
-1.929756584422438470e-01 7.865486364145064524e-01
2.092039248589430689e-01 1.301772770957183023e-01
3.693365531642933686e-01 -6.917448545217498301e-01
8.600994276982811826e-01 2.180960022580985258e-01
-8.474998066484575876e-01 2.058158737173793051e-01
2.215079792257742819e-01 -3.120516474806803719e-01
5.895004129000024351e-01 5.073568329557864853e-01
