1.121283318771258900e-07
2.242656209276369492e-07
3.364207995812588676e-07
4.486027776727676134e-07
5.608204445710470983e-07
6.730826712894091256e-07
7.853983125780744131e-07
8.977762089996952754e-07
1.010225188988789392e-06
1.122754070895934607e-06
1.235371665017564798e-06
1.348086775612190149e-06
1.460908202903856536e-06
1.573844745073637521e-06
1.686905200239952907e-06
1.800098368428485739e-06
1.913433053532459852e-06
2.026918065264042420e-06
2.140562221097600597e-06
2.254374348205558464e-06
2.368363285387575772e-06
2.482537884993761653e-06
2.596907014842637163e-06
2.711479560134539507e-06
2.826264425361170152e-06
2.941270536211954707e-06
3.056506841477917184e-06
3.171982314953717047e-06
3.287705957338530477e-06
3.403686798136426818e-06
3.519933897556900018e-06
3.636456348416205183e-06
3.753263278040132539e-06
3.870363850168888396e-06
3.987767266864674753e-06
4.105482770422652377e-06
4.223519645285869695e-06
4.341887219964816479e-06
4.460594868962203731e-06
4.579652014703614345e-06
4.699068129474609017e-06
4.818852737364940450e-06
4.939015416220467085e-06
5.059565799603387245e-06
5.180513578761408624e-06
5.301868504606456215e-06
5.423640389703545481e-06
5.545839110270411148e-06
5.668474608188524363e-06
5.791556893026083499e-06
5.915096044073619832e-06
6.039102212392805914e-06
6.163585622879096842e-06
6.288556576338799042e-06
6.414025451581212003e-06
6.540002707526427414e-06
6.666498885329436224e-06
6.793524610521137406e-06
6.921090595166901468e-06
7.049207640043289278e-06
7.177886636833575011e-06
7.307138570342701733e-06
7.436974520732300654e-06
7.567405665776412709e-06
7.698443283138577394e-06
7.830098752670919897e-06
7.962383558735880264e-06
8.095309292551257995e-06
8.228887654559248000e-06
8.363130456820093030e-06
8.498049625431060693e-06
8.633657202971422695e-06
8.769965350974088505e-06
8.906986352424625300e-06
9.044732614288323160e-06
9.183216670066049223e-06
9.322451182379536241e-06
9.462448945586901734e-06
9.603222888429058433e-06
9.744786076707773277e-06
9.887151715996108460e-06
1.003033315438200181e-05
1.017434388524571155e-05
1.031919755007191821e-05
1.046490794129725803e-05
1.061148900519400929e-05
1.075895484479083477e-05
1.090731972283122723e-05
1.105659806477062540e-05
1.120680446181288819e-05
1.135795367398703343e-05
1.151006063326504418e-05
1.166314044672160489e-05
1.181720839973662452e-05
1.197227995924141917e-05
1.212837077700941983e-05
1.228549669299233193e-05
1.244367373870261742e-05
1.260291814064324128e-05
1.276324632378560236e-05
1.292467491509659718e-05
1.308722074711574516e-05
1.325090086158340675e-05
1.341573251312100610e-05
1.358173317296430166e-05
1.374892053275067716e-05
1.391731250836154054e-05
1.408692724382078637e-05
1.425778311525045318e-05
1.442989873488458400e-05
1.460329295514241120e-05
1.477798487276198065e-05
1.495399383299528061e-05
1.513133943386604934e-05
1.531004153049139816e-05
1.549012023946841893e-05
1.567159594332699052e-05
1.585448929504989555e-05
1.603882122266159094e-05
1.622461293388680100e-05
1.641188592088016645e-05
1.660066196502831475e-05
1.679096314182555459e-05
1.698281182582457669e-05
1.717623069566345554e-05
1.737124273917035774e-05
1.756787125854725835e-05
1.776613987563417605e-05
1.796607253725521488e-05
1.816769352064797759e-05
1.837102743897773665e-05
1.857609924693787038e-05
1.878293424643812622e-05
1.899155809238215121e-05
1.920199679853594967e-05
1.941427674348875898e-05
1.962842467670804090e-05
1.984446772469013675e-05
2.006243339720831790e-05
2.028234959365989837e-05
2.050424460951404953e-05
2.072814714286219052e-05
2.095408630107261784e-05
2.118209160755118696e-05
2.141219300860989231e-05
2.164442088044522271e-05
2.187880603622806440e-05
2.211537973330720796e-05
2.235417368052828558e-05
2.259522004567019181e-05
2.283855146300090545e-05
2.308420104095486739e-05
2.333220236993383223e-05
2.358258953023345677e-05
2.383539710009760759e-05
2.409066016390270506e-05
2.434841432047410971e-05
2.460869569153706813e-05
2.487154093030418038e-05
2.513698723020194335e-05
2.540507233373857587e-05
2.567583454151560222e-05
2.594931272138550817e-05
2.622554631775804798e-05
2.650457536105761114e-05
2.678644047733424435e-05
2.707118289803084270e-05
2.735884446990924409e-05
2.764946766513772761e-05
2.794309559154279222e-05
2.823977200302785510e-05
2.853954131016164122e-05
2.884244859093922195e-05
2.914853960171843352e-05
2.945786078833473144e-05
2.977045929739735404e-05
3.008638298776986810e-05
3.040568044223813241e-05
3.072840097936887084e-05
3.105459466556189410e-05
3.138431232729926000e-05
3.171760556359466557e-05
3.205452675864632020e-05
3.239512909469669471e-05
3.273946656510262593e-05
3.308759398761912444e-05
3.343956701790051046e-05
3.379544216322253057e-05
3.415527679642885688e-05
3.451912917010593938e-05
3.488705843098986417e-05
3.525912463460890349e-05
3.563538876016587116e-05
3.601591272566403030e-05
3.640075940328065326e-05
3.678999263499225874e-05
3.718367724845562570e-05
3.758187907314883291e-05
3.798466495677649821e-05
3.839210278194362882e-05
3.880426148310239250e-05
3.922121106377627502e-05
3.964302261406619122e-05
4.006976832844307609e-05
4.050152152383168589e-05
4.093835665799028473e-05
4.138034934819104818e-05
4.182757639020613064e-05
4.228011577760416683e-05
4.273804672136252686e-05
4.320144966980008861e-05
4.367040632883607024e-05
4.414499968257987655e-05
4.462531401425756292e-05
4.511143492748014141e-05
4.560344936785938727e-05
4.610144564497661417e-05
4.660551345471027979e-05
4.711574390192793741e-05
4.763222952354863923e-05
4.815506431198153054e-05
4.868434373894684218e-05
4.922016477968516957e-05
4.976262593756157075e-05
5.031182726907046691e-05
5.086787040924799956e-05
5.143085859749813970e-05
5.200089670383931144e-05
5.257809125557809653e-05
5.316255046441691106e-05
5.375438425400245779e-05
5.435370428792202181e-05
5.496062399815462954e-05
5.557525861398435581e-05
5.619772519138306328e-05
5.682814264286990629e-05
5.746663176785526972e-05
5.811331528347667141e-05
5.876831785593444792e-05
5.943176613233492814e-05
6.010378877304933484e-05
6.078451648459622710e-05
6.147408205305590655e-05
6.217262037802499342e-05
6.288026850711962246e-05
6.359716567103591205e-05
6.432345331917631900e-05
6.505927515585070188e-05
6.580477717706105100e-05
6.656010770787900593e-05
6.732541744042529501e-05
6.810085947246038020e-05
6.888658934659598393e-05
6.968276509013675421e-05
7.048954725556219180e-05
7.130709896165838039e-05
7.213558593530969775e-05
7.297517655396065870e-05
7.382604188875814912e-05
7.468835574838435102e-05
7.556229472359121408e-05
7.644803823244708551e-05
7.734576856630617737e-05
7.825567093651224215e-05
7.917793352184728493e-05
8.011274751673700800e-05
8.106030718022420943e-05
8.202080988572168238e-05
8.299445617155700209e-05
8.398144979232027298e-05
8.498199777102779216e-05
8.599631045211340635e-05
8.702460155526026110e-05
8.806708823008538333e-05
8.912399111169010785e-05
9.019553437708908701e-05
9.128194580253121929e-05
9.238345682172558859e-05
9.350030258498612929e-05
9.463272201930848836e-05
9.578095788939313847e-05
9.694525685962843012e-05
9.812586955704813831e-05
9.932305063527773370e-05
1.005370588394840424e-04
1.017681570723428359e-04
1.030166124610396792e-04
1.042826964253186202e-04
1.055666847465949276e-04
1.068688576381465164e-04
1.081894998164003755e-04
1.095289005733295995e-04
1.108873538499776095e-04
1.122651583111251513e-04
1.136626174211175525e-04
1.150800395208681753e-04
1.165177379060554824e-04
1.179760309065307357e-04
1.194552419669538118e-04
1.209556997286743860e-04
1.224777381128768221e-04
1.240216964050065078e-04
1.255879193404956331e-04
1.271767571918074405e-04
1.287885658568171737e-04
1.304237069485487000e-04
1.320825478862862530e-04
1.337654619880802420e-04
1.354728285646668892e-04
1.372050330148215879e-04
1.389624669221660674e-04
1.407455281534493419e-04
1.425546209583233121e-04
1.443901560706334049e-04
1.462525508112457980e-04
1.481422291924319658e-04
1.500596220238319589e-04
1.520051670200186708e-04
1.539793089096846133e-04
1.559824995464733450e-04
1.580151980214784845e-04
1.600778707774323979e-04
1.621709917246078991e-04
1.642950423584560286e-04
1.664505118790035739e-04
1.686378973120333162e-04
1.708577036320723199e-04
1.731104438872104368e-04
1.753966393257760210e-04
1.777168195248910549e-04
1.800715225209326815e-04
1.824612949419249686e-04
1.848866921418873880e-04
1.873482783371648627e-04
1.898466267447665706e-04
1.923823197227383312e-04
1.949559489125964138e-04
1.975681153838490035e-04
2.002194297806321867e-04
2.029105124704882665e-04
2.056419936953138099e-04
2.084145137245051833e-04
2.112287230103298196e-04
2.140852823455518400e-04
2.169848630233399205e-04
2.199281469994877089e-04
2.229158270569745175e-04
2.259486069728966256e-04
2.290272016877987604e-04
2.321523374774359528e-04
2.353247521269954219e-04
2.385451951078096020e-04
2.418144277565912692e-04
2.451332234572206896e-04
2.485023678251180204e-04
2.519226588942306442e-04
2.553949073066686943e-04
2.589199365050200499e-04
2.624985829273778154e-04
2.661316962051120242e-04
2.698201393634202605e-04
2.735647890246877207e-04
2.773665356146930877e-04
2.812262835716912825e-04
2.851449515584091412e-04
2.891234726769866524e-04
2.931627946868989917e-04
2.972638802258942650e-04
3.014277070339812744e-04
3.056552681805026531e-04
3.099475722943292552e-04
3.143056437972110919e-04
3.187305231403208638e-04
3.232232670440259763e-04
3.277849487409255206e-04
3.324166582221898983e-04
3.371195024872381614e-04
3.418946057967911793e-04
3.467431099293380361e-04
3.516661744410526304e-04
3.566649769291985335e-04
3.617407132990604858e-04
3.668945980344391232e-04
3.721278644717499178e-04
3.774417650777616220e-04
3.828375717310163379e-04
3.883165760069669909e-04
3.938800894668739489e-04
3.995294439504985719e-04
4.052659918726335365e-04
4.110911065235094532e-04
4.170061823731183821e-04
4.230126353794930053e-04
4.291119033009821687e-04
4.353054460125637759e-04
4.415947458262336860e-04
4.479813078155133322e-04
4.544666601441142814e-04
4.610523543988036960e-04
4.677399659265081056e-04
4.745310941756990730e-04
4.814273630421004343e-04
4.884304212187598341e-04
4.955419425505235833e-04
5.027636263929585909e-04
5.100971979757611564e-04
5.175444087706944753e-04
5.251070368640974127e-04
5.327868873340044957e-04
5.405857926319199537e-04
5.485056129692867863e-04
5.565482367086924944e-04
5.647155807598548422e-04
5.730095909804252706e-04
5.814322425816564758e-04
5.899855405389718829e-04
5.986715200074805990e-04
6.074922467424787205e-04
6.164498175249780859e-04
6.255463605923047583e-04
6.347840360738080025e-04
6.441650364317197657e-04
6.536915869072073768e-04
6.633659459716609915e-04
6.731904057832524286e-04
6.831672926488121253e-04
6.932989674910586915e-04
7.035878263212256211e-04
7.140363007171232190e-04
7.246468583066752048e-04
7.354220032569717394e-04
7.463642767688770342e-04
7.574762575772276503e-04
7.687605624566671301e-04
7.802198467331482963e-04
7.918568048011468026e-04
8.036741706466201968e-04
8.156747183757531543e-04
8.278612627495227083e-04
8.402366597241232686e-04
8.528038069972863379e-04
8.655656445605312485e-04
8.785251552573819381e-04
8.916853653475856518e-04
9.050493450773681569e-04
9.186202092557588629e-04
9.324011178370201092e-04
9.463952765092132529e-04
9.606059372889343010e-04
9.750363991222505290e-04
9.896900084918713696e-04
1.004570160030580136e-03
1.019680297140961164e-03
1.035023912621449264e-03
1.050604549298729670e-03
1.066425800666518297e-03
1.082491311530748776e-03
1.098804778661191181e-03
1.115369951449528925e-03
1.132190632573922863e-03
1.149270678670078014e-03
1.166614001008842161e-03
1.184224566180359104e-03
1.202106396784793267e-03
1.220263572129649506e-03
1.238700228933705674e-03
1.257420562037578999e-03
1.276428825120938613e-03
1.295729331426385923e-03
1.315326454490013675e-03
1.335224628878659090e-03
1.355428350933867137e-03
1.375942179522569994e-03
1.396770736794496160e-03
1.417918708946318967e-03
1.439390846992551426e-03
1.461191967543192839e-03
1.483326953588136061e-03
1.505800755288334110e-03
1.528618390773734586e-03
1.551784946947977993e-03
1.575305580299861483e-03
1.599185517721565851e-03
1.623430057333644485e-03
1.648044569316764506e-03
1.673034496750199244e-03
1.698405356457057501e-03
1.724162739856245500e-03
1.750312313821145464e-03
1.776859821545001290e-03
1.803811083412991357e-03
1.831171997880976345e-03
1.858948542360899488e-03
1.887146774112821290e-03
1.915772831143563743e-03
1.944832933111939784e-03
1.974333382240542594e-03
2.004280564234066364e-03
2.034680949204123370e-03
2.065541092600528972e-03
2.096867636149022003e-03
2.128667308795370670e-03
2.160946927655843161e-03
2.193713398973982671e-03
2.226973719083656916e-03
2.260734975378325771e-03
2.295004347286483219e-03
2.329789107253224176e-03
2.365096621727875038e-03
2.400934352157641123e-03
2.437309855987200742e-03
2.474230787664196893e-03
2.511704899650551992e-03
2.549740043439547091e-03
2.588344170578586647e-03
2.627525333697590306e-03
2.667291687542918885e-03
2.707651490016775141e-03
2.748613103221982622e-03
2.790184994512068424e-03
2.832375737546566179e-03
2.875194013351432126e-03
2.918648611384504037e-03
2.962748430605888911e-03
3.007502480553197501e-03
3.052919882421503348e-03
3.099009870147937870e-03
3.145781791500809176e-03
3.193245109173124038e-03
3.241409401880406341e-03
3.290284365462696221e-03
3.339879813990593704e-03
3.390205680875241906e-03
3.441272019982102772e-03
3.493089006748397417e-03
3.545666939304083567e-03
3.599016239596222223e-03
3.653147454516591282e-03
3.708071257032401723e-03
3.763798447319963245e-03
3.820339953901147594e-03
3.877706834782490824e-03
3.935910278596765378e-03
3.994961605746871931e-03
4.054872269551861898e-03
4.115653857394932329e-03
4.177318091873208870e-03
4.239876831949135512e-03
4.303342074103285071e-03
4.367725953488403069e-03
4.433040745084488969e-03
4.499298864854716154e-03
4.566512870901990283e-03
4.634695464625937858e-03
4.703859491880120307e-03
4.774017944129248930e-03
4.845183959606190818e-03
4.917370824468533276e-03
4.990591973954488191e-03
5.064860993537901278e-03
5.140191620082120751e-03
5.216597742992507697e-03
5.294093405367308880e-03
5.372692805146676853e-03
5.452410296259558968e-03
5.533260389768206340e-03
5.615257755010045169e-03
5.698417220736625918e-03
5.782753776249391874e-03
5.868282572531993875e-03
5.955018923378854571e-03
6.042978306519701179e-03
6.132176364739797859e-03
6.222628906995544655e-03
6.314351909525173223e-03
6.407361516954221924e-03
6.501674043395491015e-03
6.597305973543147496e-03
6.694273963760682955e-03
6.792594843162381817e-03
6.892285614687995547e-03
6.993363456170248113e-03
7.095845721394904680e-03
7.199749941152993292e-03
7.305093824284871612e-03
7.411895258715788318e-03
7.520172312482558373e-03
7.629943234751024317e-03
7.741226456823927134e-03
7.854040593138792922e-03
7.968404442255520512e-03
8.084336987833224200e-03
8.201857399596005488e-03
8.320985034287227064e-03
8.441739436611939498e-03
8.564140340166994866e-03
8.688207668358547200e-03
8.813961535306443634e-03
8.941422246735145421e-03
9.070610300850760754e-03
9.201546389203766121e-03
9.334251397536982506e-03
9.468746406618414393e-03
9.605052693058479737e-03
9.743191730111247506e-03
9.883185188459176276e-03
1.002505493698100172e-02
1.016882304350222657e-02
1.031451177552785217e-02
1.046214360095684172e-02
1.061174118877789528e-02
1.076332740974601625e-02
1.091692533703950141e-02
1.107255824689678050e-02
1.123024961923272877e-02
1.139002313823387659e-02
1.155190269293215888e-02
1.171591237775659704e-02
1.188207649306252493e-02
1.205041954563782977e-02
1.222096624918571177e-02
1.239374152478347688e-02
1.256877050131687684e-02
1.274607851588947967e-02
1.292569111420658126e-02
1.310763405093314134e-02
1.329193329002524744e-02
1.347861500503460055e-02
1.366770557938545676e-02
1.385923160662363290e-02
1.405321989063691365e-02
1.424969744584644871e-02
1.444869149736856262e-02
1.465022948114649837e-02
1.485433904405152744e-02
1.506104804395292165e-02
1.527038454975629400e-02
1.548237684140968927e-02
1.569705340987703757e-02
1.591444295707827514e-02
1.613457439579574562e-02
1.635747684954627634e-02
1.658317965241839706e-02
1.681171234887422067e-02
1.704310469351539778e-02
1.727738665081263864e-02
1.751458839479826807e-02
1.775474030872130349e-02
1.799787298466448346e-02
1.824401722312274030e-02
1.849320403254258588e-02
1.874546462882189374e-02
1.900083043476950492e-02
1.925933307952420320e-02
1.952100439793246628e-02
1.978587642988450385e-02
2.005398141960807248e-02
2.032535181491950532e-02
2.060002026643147771e-02
2.087801962671699194e-02
2.115938294942903281e-02
2.144414348837544657e-02
2.173233469654846373e-02
2.202399022510839396e-02
2.231914392232106290e-02
2.261782983244834885e-02
2.292008219459145887e-02
2.322593544148637834e-02
2.353542419825103635e-02
2.384858328108373574e-02
2.416544769591228228e-02
2.448605263699346959e-02
2.481043348546234373e-02
2.513862580783082779e-02
2.547066535443527624e-02
2.580658805783246981e-02
2.614643003114362069e-02
2.649022756634598214e-02
2.683801713251154908e-02
2.718983537399255121e-02
2.754571910855320438e-02
2.790570532544734556e-02
2.826983118344160439e-02
2.863813400878362572e-02
2.901065129311503066e-02
2.938742069132869658e-02
2.976848001936996391e-02
3.015386725198150597e-02
3.054362052039136938e-02
3.093777810994393848e-02
3.133637845767346664e-02
3.173946014981980646e-02
3.214706191928612400e-02
3.255922264303812153e-02
3.297598133944467519e-02
3.339737716555940539e-02
3.382344941434309998e-02
3.425423751182649079e-02
3.468978101421339721e-02
3.513011960492377211e-02
3.557529309157655972e-02
3.602534140291203252e-02
3.648030458565350992e-02
3.694022280130822983e-02
3.740513632290715096e-02
3.787508553168352637e-02
3.835011091369017189e-02
3.883025305635519342e-02
3.931555264497606922e-02
3.980605045915200368e-02
4.030178736915441401e-02
4.080280433223550107e-02
4.130914238887477968e-02
4.182084265896358899e-02
4.233794633792747897e-02
4.286049469278639668e-02
4.338852905815283184e-02
4.392209083216782467e-02
4.446122147237467626e-02
4.500596249153083345e-02
4.555635545335748327e-02
4.611244196822738423e-02
4.667426368879071252e-02
4.724186230553918675e-02
4.781527954230847810e-02
4.839455715171917666e-02
4.897973691055630685e-02
4.957086061508775288e-02
5.016797007632155941e-02
5.077110711520255171e-02
5.138031355774836523e-02
5.199563123012505145e-02
5.261710195366277321e-02
5.324476753981166599e-02
5.387866978503818433e-02
5.451885046566234960e-02
5.516535133263611446e-02
5.581821410626339880e-02
5.647748047086195711e-02
5.714319206936755574e-02
5.781539049788093215e-02
5.849411730015800781e-02
5.917941396204356996e-02
5.987132190584915775e-02
6.056988248467572167e-02
6.127513697668112574e-02
6.198712657929354025e-02
6.270589240337103021e-02
6.343147546730791564e-02
6.416391669108863216e-02
6.490325689028952905e-02
6.564953677002957622e-02
6.640279691887021607e-02
6.716307780266525529e-02
6.793041975836169866e-02
6.870486298775198286e-02
6.948644755117830418e-02
7.027521336119021966e-02
7.107120017615581320e-02
7.187444759382762005e-02
7.268499504486392038e-02
7.350288178630642877e-02
7.432814689501507366e-02
7.516082926106093520e-02
7.600096758107822981e-02
7.684860035157611846e-02
7.770376586221156012e-02
7.856650218902401506e-02
7.943684718763306674e-02
8.031483848639996148e-02
8.120051347955423160e-02
8.209390932028622079e-02
8.299506291380687184e-02
8.390401091037576198e-02
8.482078969829852377e-02
8.574543539689476190e-02
8.667798384943783963e-02
8.761847061606724274e-02
8.856693096667556109e-02
8.952339987377051778e-02
9.048791200531347556e-02
9.146050171753623836e-02
9.244120304773668917e-02
9.343004970705511003e-02
9.442707507323234994e-02
9.543231218335089527e-02
9.644579372656086891e-02
9.746755203679161039e-02
9.849761908545100197e-02
9.953602647411310955e-02
1.005828054271963173e-01
1.016379867846330803e-01
1.027016009945328351e-01
1.037736781058394425e-01
1.048542477609848977e-01
1.059433391885407083e-01
1.070409811958684537e-01
1.081472021617710944e-01
1.092620300291467228e-01
1.103854922976462566e-01
1.115176160163365709e-01
1.126584277763710146e-01
1.138079537036684463e-01
1.149662194516030411e-01
1.161332501937059197e-01
1.173090706163808367e-01
1.184937049116351337e-01
1.196871767698279160e-01
1.208895093724373371e-01
1.221007253848481189e-01
1.233208469491616777e-01
1.245498956770303145e-01
1.257878926425171351e-01
1.270348583749836835e-01
1.282908128520069413e-01
1.295557754923275795e-01
1.308297651488307123e-01
1.321128001015621500e-01
1.334048980507804849e-01
1.347060761100480619e-01
1.360163507993619181e-01
1.373357380383267157e-01
1.386642531393715849e-01
1.400019108010125968e-01
1.413487251011628643e-01
1.427047094904917990e-01
1.440698767858357432e-01
1.454442391636616427e-01
1.468278081535855095e-01
1.482205946319478662e-01
1.496226088154474498e-01
1.510338602548358389e-01
1.524543578286739198e-01
1.538841097371528577e-01
1.553231234959808471e-01
1.567714059303381424e-01
1.582289631689012266e-01
1.596958006379389228e-01
1.611719230554818638e-01
1.626573344255672071e-01
1.641520380325603434e-01
1.656560364355552373e-01
1.671693314628562022e-01
1.686919242065413327e-01
1.702238150171110354e-01
1.717650034982219631e-01
1.733154885015095181e-01
1.748752681214995330e-01
1.764443396906116568e-01
1.780226997742559158e-01
1.796103441660243660e-01
1.812072678829789174e-01
1.828134651610383854e-01
1.844289294504649068e-01
1.860536534114526075e-01
1.876876289098196315e-01
1.893308470128053644e-01
1.909832979849744872e-01
1.926449712842293049e-01
1.943158555579324043e-01
1.959959386391408598e-01
1.976852075429534616e-01
1.993836484629732120e-01
2.010912467678856730e-01
2.028079869981555261e-01
2.045338528628423413e-01
2.062688272365371667e-01
2.080128921564215749e-01
2.097660288194502787e-01
2.115282175796588948e-01
2.132994379455985523e-01
2.150796685778977591e-01
2.168688872869543594e-01
2.186670710307571930e-01
2.204741959128403150e-01
2.222902371803697208e-01
2.241151692223647685e-01
2.259489655680551878e-01
2.277915988853743412e-01
2.296430409795907901e-01
2.315032627920786956e-01
2.333722343992281900e-01
2.352499250114970797e-01
2.371363029726045180e-01
2.390313357588675358e-01
2.409349899786825122e-01
2.428472313721507514e-01
2.447680248108505263e-01
2.466973342977555606e-01
2.486351229673015584e-01
2.505813530856006999e-01
2.525359860508055720e-01
2.544989823936226747e-01
2.564703017779771388e-01
2.584499030018277965e-01
2.604377439981348519e-01
2.624337818359792629e-01
2.644379727218359455e-01
2.664502720009992998e-01
2.684706341591638901e-01
2.704990128241583358e-01
2.725353607678347445e-01
2.745796299081125769e-01
2.766317713111784982e-01
2.786917351938414389e-01
2.807594709260434196e-01
2.828349270335270282e-01
2.849180512006582733e-01
2.870087902734065333e-01
2.891070902624801042e-01
2.912128963466189546e-01
2.933261528760428560e-01
2.954468033760567214e-01
2.975747905508115410e-01
2.997100562872216378e-01
3.018525416590376875e-01
3.040021869310755021e-01
3.061589315635994124e-01
3.083227142168623036e-01
3.104934727557983609e-01
3.126711442548717468e-01
3.148556650030777115e-01
3.170469705090983026e-01
3.192449955066097855e-01
3.214496739597432762e-01
3.236609390686960852e-01
3.258787232754946084e-01
3.281029582699071523e-01
3.303335749955066403e-01
3.325705036558815331e-01
3.348136737209948532e-01
3.370630139336903697e-01
3.393184523163446098e-01
3.415799161776645332e-01
3.438473321196282018e-01
3.461206260445698346e-01
3.483997231624063051e-01
3.506845479980042479e-01
3.529750243986873870e-01
3.552710755418818644e-01
3.575726239428991815e-01
3.598795914628555859e-01
3.621918993167244083e-01
3.645094680815237909e-01
3.668322177046345889e-01
3.691600675122495012e-01
3.714929362179510974e-01
3.738307419314172431e-01
3.761734021672513695e-01
3.785208338539388095e-01
3.808729533429239256e-01
3.832296764178093063e-01
3.855909183036732024e-01
3.879565936765057010e-01
3.903266166727590303e-01
3.927009008990126060e-01
3.950793594417500443e-01
3.974619048772459751e-01
3.998484492815607139e-01
4.022389042406419590e-01
4.046331808605299618e-01
4.070311897776649479e-01
4.094328411692954028e-01
4.118380447639833908e-01
4.142467098522058522e-01
4.166587452970507144e-01
4.190740595450036521e-01
4.214925606368244426e-01
4.239141562185105294e-01
4.263387535523456284e-01
4.287662595280306022e-01
4.311965806738951579e-01
4.336296231681871505e-01
4.360652928504372139e-01
4.385034952328973890e-01
4.409441355120500838e-01
4.433871185801853132e-01
4.458323490370440512e-01
4.482797312015253666e-01
4.507291691234540654e-01
4.531805665954065643e-01
4.556338271645937743e-01
4.580888541447961093e-01
4.605455506283501199e-01
4.630038194981832556e-01
4.654635634398939237e-01
4.679246849538750697e-01
4.703870863674777802e-01
4.728506698472128567e-01
4.753153374109874152e-01
4.777809909403742950e-01
4.802475321929103869e-01
4.827148628144233289e-01
4.851828843513819045e-01
4.876514982632680351e-01
4.901206059349681454e-01
4.925901086891807390e-01
4.950599077988379615e-01
4.975299044995373232e-01
5.000000000019818591e-01
5.024700955044265616e-01
5.049400922051259233e-01
5.074098913147832013e-01
5.098793940689958504e-01
5.123485017406957942e-01
5.148171156525815917e-01
5.172851371895397232e-01
5.197524678110522212e-01
5.222190090635876469e-01
5.246846625929736385e-01
5.271493301567473644e-01
5.296129136364814416e-01
5.320753150500832085e-01
5.345364365640634663e-01
5.369961805057730242e-01
5.394544493756050496e-01
5.419111458591578945e-01
5.443661728393590638e-01
5.468194334085451080e-01
5.492708308804964412e-01
5.517202688024240853e-01
5.541676509669042350e-01
5.566128814237617517e-01
5.590558644918955933e-01
5.614965047710468449e-01
5.639347071535055766e-01
5.663703768357543078e-01
5.688034193300449681e-01
5.712337404759083581e-01
5.736612464515922216e-01
5.760858437854262659e-01
5.785074393671112425e-01
5.809259404589309783e-01
5.833412547068828058e-01
5.857532901517265023e-01
5.881619552399478534e-01
5.905671588346345091e-01
5.929688102262639093e-01
5.953668191433977297e-01
5.977610957632844002e-01
6.001515507223641466e-01
6.025380951266773311e-01
6.049206405621715410e-01
6.072990991049074250e-01
6.096733833311593909e-01
6.120434063274108327e-01
6.144090817002414440e-01
6.167703235861033972e-01
6.191270466609866130e-01
6.214791661499695641e-01
6.238265978366547282e-01
6.261692580724866897e-01
6.285070637859503373e-01
6.308399324916493800e-01
6.331677822992618498e-01
6.354905319223699278e-01
6.378081006871666458e-01
6.401204085410330258e-01
6.424273760609868766e-01
6.447289244620018067e-01
6.470249756051936751e-01
6.493154520058741497e-01
6.516002768414694835e-01
6.538793739593032894e-01
6.561526678842425353e-01
6.584200838262034283e-01
6.606815476875207427e-01
6.629369860701723738e-01
6.651863262828654477e-01
6.674294963479758813e-01
6.696664250083482761e-01
6.718970417339451551e-01
6.741212767283553120e-01
6.763390609351511706e-01
6.785503260441013706e-01
6.807550044972323633e-01
6.829530294947414593e-01
6.851443350007593303e-01
6.873288557489626305e-01
6.895065272480332963e-01
6.916772857869669666e-01
6.938410684402271933e-01
6.959978130727485501e-01
6.981474583447835336e-01
7.002899437165966967e-01
7.024252094530039070e-01
7.045531966277558400e-01
7.066738471277664857e-01
7.087871036571871119e-01
7.108929097413224651e-01
7.129912097303929830e-01
7.150819488031379123e-01
7.171650729702655491e-01
7.192405290777453830e-01
7.213082648099437000e-01
7.233682286926028659e-01
7.254203700956649570e-01
7.274646392359389591e-01
7.295009871796113154e-01
7.315293658446018199e-01
7.335497280027625244e-01
7.355620272819221039e-01
7.375662181677753448e-01
7.395622560056162031e-01
7.415500970019195393e-01
7.435296982257667553e-01
7.455010176101177777e-01
7.474640139529312721e-01
7.494186469181326471e-01
7.513648770364282914e-01
7.533026657059709308e-01
7.552319751928725511e-01
7.571527686315688843e-01
7.590650100250334598e-01
7.609686642448448834e-01
7.628636970311043486e-01
7.647500749922079288e-01
7.666277656044727662e-01
7.684967372116183748e-01
7.703569590241020615e-01
7.722084011183143470e-01
7.740510344356291705e-01
7.758848307813155376e-01
7.777097628233066162e-01
7.795258040908317199e-01
7.813329289729107341e-01
7.831311127167093211e-01
7.849203314257616748e-01
7.867005620580567182e-01
7.884717824239920736e-01
7.902339711841963599e-01
7.919871078472205950e-01
7.937311727671005901e-01
7.954661471407908913e-01
7.971920130054730436e-01
7.989087532357381782e-01
8.006163515406460318e-01
8.023147924606611747e-01
8.040040613644690026e-01
8.056841444456728230e-01
8.073550287193711483e-01
8.090167020186211921e-01
8.106691529907854576e-01
8.123123710937666386e-01
8.139463465921289442e-01
8.155710705531120652e-01
8.171865348425336739e-01
8.187927321205882292e-01
8.203896558375379788e-01
8.219773002293015995e-01
8.235556603129409181e-01
8.251247318820482679e-01
8.266845115020332591e-01
8.282349965053158458e-01
8.297761849864219164e-01
8.313080757969868451e-01
8.328306685406672294e-01
8.343439635679634758e-01
8.358479619709535680e-01
8.373426655779419026e-01
8.388280769480224164e-01
8.403041993655606667e-01
8.417710368345934224e-01
8.432285940731514273e-01
8.446768765075035601e-01
8.461158902663268311e-01
8.475456421748006619e-01
8.489661397486338856e-01
8.503773911880174730e-01
8.517794053715120883e-01
8.531721918498693658e-01
8.545557608397882365e-01
8.559301232176089735e-01
8.572952905129477275e-01
8.586512749022716662e-01
8.599980892024169377e-01
8.613357468640530090e-01
8.626642619650928268e-01
8.639836492040525728e-01
8.652939238933614607e-01
8.665951019526236809e-01
8.678871999018368255e-01
8.691702348545629064e-01
8.704442245110609599e-01
8.717091871513760193e-01
8.729651416283941145e-01
8.742121073608554171e-01
8.754501043263368532e-01
8.766791530542000777e-01
8.778992746185085849e-01
8.791104906309141764e-01
8.803128232335187819e-01
8.815062950917066376e-01
8.826909293869563689e-01
8.838667498096266506e-01
8.850337805517249912e-01
8.861920462996546455e-01
8.873415722269476502e-01
8.884823839869774309e-01
8.896145077056635264e-01
8.907379699741585499e-01
8.918527978415297097e-01
8.929590188074280066e-01
8.940566608147509919e-01
8.951457522423020841e-01
8.962263218974428902e-01
8.972983990087447514e-01
8.983620132186397322e-01
8.994171945760714992e-01
9.004639735291495306e-01
9.015023809178066561e-01
9.025324479664608157e-01
9.035542062766863669e-01
9.045676878198910531e-01
9.055729249300044081e-01
9.065699502961767076e-01
9.075587969554901324e-01
9.085394982856854762e-01
9.095120879979030626e-01
9.104766001294409827e-01
9.114330690365309851e-01
9.123815293871345711e-01
9.133220161537590753e-01
9.142545646062972819e-01
9.151792103048885796e-01
9.160959890928066507e-01
9.170049370893708085e-01
9.179060906828868660e-01
9.187994865236142061e-01
9.196851615167638272e-01
9.205631528155260312e-01
9.214334978141303090e-01
9.222962341409381981e-01
9.231513996515690046e-01
9.239990324220621609e-01
9.248391707420751118e-01
9.256718531081165047e-01
9.264971182168206809e-01
9.273150049582583598e-01
9.281255524092899556e-01
9.289287998269571967e-01
9.297247866419183771e-01
9.305135524519257961e-01
9.312951370153477182e-01
9.320695802447335199e-01
9.328369222004254668e-01
9.335972030842161207e-01
9.343504632330521531e-01
9.350967431127880092e-01
9.358360833119844235e-01
9.365685245357604494e-01
9.372941075996925608e-01
9.380128734237652699e-01
9.387248630263731464e-01
9.394301175183739083e-01
9.401286780971958024e-01
9.408205860409966093e-01
9.415058827028773836e-01
9.421846095051497061e-01
9.428568079336583363e-01
9.435225195321591540e-01
9.441817858967529453e-01
9.448346486703756986e-01
9.454811495373448560e-01
9.461213302179642959e-01
9.467552324631864913e-01
9.473828980493310681e-01
9.480043687728644253e-01
9.486196864452369759e-01
9.492288928877782306e-01
9.498320299266548306e-01
9.504291393878842031e-01
9.510202630924112777e-01
9.516054428512437102e-01
9.521847204606497250e-01
9.527581376974142424e-01
9.533257363141580676e-01
9.538875580347168093e-01
9.544436445495818599e-01
9.549940375114036595e-01
9.555387785305550219e-01
9.560779091707569677e-01
9.566114709447668396e-01
9.571395053101281469e-01
9.576620536649820270e-01
9.581791573439407683e-01
9.586908576140246163e-01
9.591971956706588642e-01
9.596982126337350039e-01
9.601939495437326055e-01
9.606844473579035926e-01
9.611697469465193544e-01
9.616498890891793661e-01
9.621249144711812029e-01
9.625948636799526170e-01
9.630597772015465630e-01
9.635196954171963979e-01
9.639746585999330319e-01
9.644247069112638071e-01
9.648698803979117722e-01
9.653102189886175744e-01
9.657457624910000815e-01
9.661765505884787331e-01
9.666026228372577300e-01
9.670240186633676238e-01
9.674407773597692994e-01
9.678529380835163565e-01
9.682605398529776641e-01
9.686636215451190912e-01
9.690622218928437448e-01
9.694563794823914948e-01
9.698461327507962304e-01
9.702315199834027348e-01
9.706125793114387390e-01
9.709893487096473708e-01
9.713618659939735611e-01
9.717301688193102915e-01
9.720942946772992421e-01
9.724542808941881722e-01
9.728101646287437010e-01
9.731619828702197106e-01
9.735097724363803717e-01
9.738535699715775706e-01
9.741934119448838469e-01
9.745293346482761798e-01
9.748613741948756184e-01
9.751895665172390926e-01
9.755139473657029603e-01
9.758345523067792904e-01
9.761514167216027715e-01
9.764645758044302459e-01
9.767740645611897587e-01
9.770799178080793457e-01
9.773821701702172238e-01
9.776808560803391668e-01
9.779760097775465066e-01
9.782676653061012084e-01
9.785558565142690179e-01
9.788406170532100159e-01
9.791219803759168006e-01
9.793999797361968573e-01
9.796746481877035562e-01
9.799460185830095593e-01
9.802141235727277468e-01
9.804789956046744415e-01
9.807406669230775975e-01
9.809991695678268453e-01
9.812545353737688325e-01
9.815067959700425337e-01
9.817559827794569705e-01
9.820021270179098982e-01
9.822452596938476832e-01
9.824854116077652577e-01
9.827226133517457107e-01
9.829568953090375150e-01
9.831882876536733873e-01
9.834168203501238992e-01
9.836425231529910551e-01
9.838654256067368431e-01
9.840855570454494217e-01
9.843029465926458332e-01
9.845176231611083573e-01
9.847296154527571677e-01
9.849389519585557418e-01
9.851456609584525737e-01
9.853497705213529745e-01
9.855513085051262889e-01
9.857503025566436428e-01
9.859467801118483310e-01
9.861407683958570702e-01
9.863322944230907829e-01
9.865213849974371341e-01
9.867080667124421556e-01
9.868923659515299596e-01
9.870743088882522054e-01
9.872539214865649893e-01
9.874312295011333784e-01
9.876062584776624798e-01
9.877790337532559306e-01
9.879495804567994810e-01
9.881179235093702218e-01
9.882840876246716810e-01
9.884480973094917911e-01
9.886099768641855023e-01
9.887697503831820445e-01
9.889274417555131702e-01
9.890830746653657135e-01
9.892366725926546867e-01
9.893882588136182488e-01
9.895378564014345457e-01
9.896854882268592002e-01
9.898311769588802322e-01
9.899749450653969607e-01
9.901168148139144476e-01
9.902568082722579268e-01
9.903949473093062172e-01
9.905312535957415676e-01
9.906657486048182637e-01
9.907984536131465569e-01
9.909293897014948005e-01
9.910585777556056852e-01
9.911860384670294621e-01
9.913117923339724857e-01
9.914358596621591913e-01
9.915582605657097259e-01
9.916790149680297928e-01
9.917981426027164815e-01
9.919156630144744247e-01
9.920315955600474966e-01
9.921459594091597278e-01
9.922587735454702074e-01
9.923700567675386441e-01
9.924798276898024740e-01
9.925881047435645144e-01
9.926949061779907213e-01
9.928002500611178283e-01
9.929041542808711984e-01
9.930066365460911149e-01
9.931077143875686186e-01
9.932074051590895625e-01
9.933057260384866582e-01
9.934026940286994067e-01
9.934983259588423543e-01
9.935926384852785676e-01
9.936856480927026558e-01
9.937773710952275685e-01
9.938678236374784980e-01
9.939570216956937765e-01
9.940449810788297702e-01
9.941317174296719905e-01
9.942172462259498689e-01
9.943015827814578600e-01
9.943847422471798758e-01
9.944667396124171610e-01
9.945475897059212755e-01
9.946273071970295199e-01
9.947059065968041347e-01
9.947834022591741654e-01
9.948598083820798799e-01
9.949351390086192959e-01
9.950094080281979281e-01
9.950826291776792010e-01
9.951548160425368605e-01
9.952259820580088290e-01
9.952961405102531689e-01
9.953653045375023822e-01
9.954334871312214839e-01
9.955007011372641879e-01
9.955669592570296489e-01
9.956322740486213130e-01
9.956966579280019936e-01
9.957601231701519451e-01
9.958226819102238281e-01
9.958843461446977852e-01
9.959451277325365171e-01
9.960050383963373610e-01
9.960640897234832591e-01
9.961222931672931713e-01
9.961796600481702679e-01
9.962362015547471250e-01
9.962919287450303640e-01
9.963468525475419613e-01
9.964009837624581145e-01
9.964543330627460005e-01
9.965069109952975346e-01
9.965587279820597999e-01
9.966097943211627008e-01
9.966601201880432859e-01
9.967097156365668509e-01
9.967585906001448226e-01
9.968067548928477573e-01
9.968542182105155636e-01
9.969009901318642841e-01
9.969470801195865484e-01
9.969924975214505825e-01
9.970372515713938899e-01
9.970813513906112702e-01
9.971248059886401727e-01
9.971676242644410548e-01
9.972098150074711898e-01
9.972513868987570307e-01
9.972923485119578046e-01
9.973327083144273297e-01
9.973724746682681719e-01
9.974116558313825820e-01
9.974502599585172158e-01
9.974882951023016364e-01
9.975257692142837085e-01
9.975626901459563323e-01
9.975990656497814024e-01
9.976349033802069943e-01
9.976702108946776670e-01
9.977049956546401033e-01
9.977392650265440865e-01
9.977730262828344854e-01
9.978062866029401290e-01
9.978390530742542452e-01
9.978713326931112348e-01
9.979031323657540087e-01
9.979344589092988826e-01
9.979653190526912576e-01
9.979957194376573026e-01
9.980256666196468673e-01
9.980551670687713983e-01
9.980842271707357494e-01
9.981128532277624421e-01
9.981410514595100425e-01
9.981688280039857641e-01
9.981961889184491898e-01
9.982231401803127735e-01
9.982496876880323500e-01
9.982758372619928711e-01
9.983015946453878131e-01
9.983269655050904801e-01
9.983519554325195333e-01
9.983765699444984154e-01
9.984008144841060028e-01
9.984246944215231512e-01
9.984482150548704693e-01
9.984713816110402096e-01
9.984941992465213856e-01
9.985166730482173403e-01
9.985388080342580963e-01
9.985606091548047125e-01
9.985820812928469792e-01
9.986032292649948960e-01
9.986240578222631559e-01
9.986445716508479675e-01
9.986647753728992161e-01
9.986846735472840741e-01
9.987042706703440631e-01
9.987235711766460078e-01
9.987425794397258860e-01
9.987612997728262387e-01
9.987797364296268077e-01
9.987978936049678458e-01
9.988157754355685425e-01
9.988333860007363452e-01
9.988507293230715067e-01
9.988678093691638615e-01
9.988846300502848274e-01
9.989011952230695268e-01
9.989175086901961320e-01
9.989335742010567731e-01
9.989493954524212294e-01
9.989649760890950692e-01
9.989803197045719063e-01
9.989954298416787726e-01
9.990103099932136077e-01
9.990249636025795299e-01
9.990393940644091142e-01
9.990536047251850071e-01
9.990675988838535471e-01
9.990813797924308348e-01
9.990949506566055849e-01
9.991083146363314293e-01
9.991214748464177786e-01
9.991344343571109121e-01
9.991471961946707392e-01
9.991597633419403435e-01
9.991721387389116416e-01
9.991843252832821598e-01
9.991963258310080365e-01
9.992081431968500294e-01
9.992197801549146385e-01
9.992312394391876795e-01
9.992425237440634156e-01
9.992536357248681389e-01
9.992645779983765353e-01
9.992753531433231640e-01
9.992859637009089413e-01
9.992964121753009632e-01
9.993067010341275536e-01
9.993168327089659853e-01
9.993268095958278696e-01
9.993366340556355532e-01
9.993463084146961828e-01
9.993558349651674444e-01
9.993652159655216360e-01
9.993744536409994161e-01
9.993835501840631075e-01
9.993925077548421188e-01
9.994013284815734810e-01
9.994100144610383873e-01
9.994185677589922934e-01
9.994269904105902436e-01
9.994352844208076458e-01
9.994434517648552729e-01
9.994514943885913771e-01
9.994594142089254785e-01
9.994672131142199323e-01
9.994748929646865010e-01
9.994824555927767085e-01
9.994899028035684196e-01
9.994972363751482014e-01
9.995044580589877992e-01
9.995115695803169498e-01
9.995185726384907543e-01
9.995254689073544974e-01
9.995322600356011389e-01
9.995389476471262524e-01
9.995455333413784116e-01
9.995520186937043583e-01
9.995584052556910626e-01
9.995646945555022311e-01
9.995708880982113742e-01
9.995769873661305427e-01
9.995829938191342912e-01
9.995889088949816426e-01
9.995947340096302813e-01
9.996004705575503024e-01
9.996061199120318541e-01
9.996116834254893391e-01
9.996171624297630620e-01
9.996225582364138829e-01
9.996278721370174258e-01
9.996331054034522934e-01
9.996382592881852824e-01
9.996433350245523819e-01
9.996483338270378827e-01
9.996532568915469374e-01
9.996581053956770102e-01
9.996628804989839967e-01
9.996675833432462355e-01
9.996722150527246331e-01
9.996767767344189037e-01
9.996812694783199227e-01
9.996856943576605259e-01
9.996900524291610912e-01
9.996943447332723442e-01
9.996985722944161656e-01
9.997027361212215135e-01
9.997068372067576814e-01
9.997108765287650023e-01
9.997148550498808905e-01
9.997187737178649947e-01
9.997226334658196878e-01
9.997264352124072273e-01
9.997301798620656932e-01
9.997338683052214847e-01
9.997375014184965991e-01
9.997410800649160212e-01
9.997446050941116713e-01
9.997480773425213574e-01
9.997514976335876158e-01
9.997548667779525555e-01
9.997581855736504819e-01
9.997614548062964124e-01
9.997646752492745925e-01
9.997678476639213496e-01
9.997709727997082796e-01
9.997740513944203267e-01
9.997770841743334191e-01
9.997800718543884413e-01
9.997830151383618746e-01
9.997859147190368834e-01
9.997887712783692926e-01
9.997915854876522346e-01
9.997943580076785741e-01
9.997970894889005589e-01
9.997997805715873598e-01
9.998024318859809467e-01
9.998050440524489657e-01
9.998076176816357297e-01
9.998101533746105440e-01
9.998126517230151444e-01
9.998151133092075815e-01
9.998175387064046626e-01
9.998199284788227281e-01
9.998222831818157630e-01
9.998246033620117323e-01
9.998268895574471404e-01
9.998291422976991472e-01
9.998313621040162413e-01
9.998335494894460274e-01
9.998357049589634560e-01
9.998378290095942811e-01
9.998399221305385165e-01
9.998419848032914503e-01
9.998440175017636600e-01
9.998460206923975857e-01
9.998479948342846590e-01
9.998499403792782125e-01
9.998518577721069445e-01
9.998537474504853861e-01
9.998556098452232588e-01
9.998574453803329432e-01
9.998592544731348397e-01
9.998610375343631729e-01
9.998627949682674654e-01
9.998645271727144568e-01
9.998662345392879125e-01
9.998679174533862124e-01
9.998695762943207166e-01
9.998712114354091351e-01
9.998728232440704522e-01
9.998744120819181846e-01
9.998759783048498662e-01
9.998775222631380855e-01
9.998790443015183049e-01
9.998805447592761242e-01
9.998820239703326562e-01
9.998834822633292374e-01
9.998849199617105832e-01
9.998863373838061674e-01
9.998877348429120460e-01
9.998891126473692381e-01
9.998904711006421087e-01
9.998918105013950841e-01
9.998931311435693692e-01
9.998944333164569986e-01
9.998957173047743341e-01
9.998969833887346725e-01
9.998982318441193007e-01
9.998994629423481051e-01
9.999006769505482950e-01
9.999018741316222370e-01
9.999030547443151784e-01
9.999042190432810839e-01
9.999053672791469172e-01
9.999064996985771447e-01
9.999076165443361308e-01
9.999087180553509757e-01
9.999098044667720231e-01
9.999108760100331450e-01
9.999119329129102507e-01
9.999129753995804615e-01
9.999140036906791762e-01
9.999150180033555824e-01
9.999160185513299437e-01
9.999170055449463357e-01
9.999179791912277127e-01
9.999189396939287544e-01
9.999198872535881577e-01
9.999208220675791514e-01
9.999217443301607888e-01
9.999226542325273526e-01
9.999235519628575375e-01
9.999244377063628564e-01
9.999253116453347134e-01
9.999261739591909226e-01
9.999270248245225590e-01
9.999278644151382567e-01
9.999286929021087289e-01
9.999295104538115098e-01
9.999303172359739200e-01
9.999311134117143673e-01
9.999318991415853120e-01
9.999326745836143449e-01
9.999334398933436008e-01
9.999341952238713915e-01
9.999349407258896205e-01
9.999356765477229736e-01
9.999364028353679990e-01
9.999371197325287453e-01
9.999378273806543982e-01
9.999385259189758068e-01
9.999392154845408998e-01
9.999398962122489909e-01
9.999405682348863067e-01
9.999412316831592928e-01
9.999418866857285870e-01
9.999425333692408824e-01
9.999431718583627893e-01
9.999438022758112554e-01
9.999444247423855403e-01
9.999450393769985235e-01
9.999456462967059034e-01
9.999462456167371727e-01
9.999468374505239288e-01
9.999474219097300720e-01
9.999479991042790061e-01
9.999485691423826150e-01
9.999491321305679081e-01
9.999496881737052201e-01
9.999502373750337458e-01
9.999507798361887412e-01
9.999513156572262806e-01
9.999518449366502360e-01
9.999523677714353687e-01
9.999528842570538645e-01
9.999533944874977598e-01
9.999538985553044768e-01
9.999543965515785837e-01
9.999548885660157760e-01
9.999553746869259685e-01
9.999558550012547231e-01
9.999563295946055641e-01
9.999567985512617385e-01
9.999572619542074214e-01
9.999577198851485882e-01
9.999581724245335534e-01
9.999586196515728442e-01
9.999590616442604052e-01
9.999594984793921393e-01
9.999599302325851147e-01
9.999603569782969936e-01
9.999607787898447953e-01
9.999611957394228812e-01
9.999616078981214962e-01
9.999620153359438657e-01
9.999624181218245145e-01
9.999628163236460310e-01
9.999632100082564978e-01
9.999635992414852570e-01
9.999639840881597852e-01
9.999643646121222362e-01
9.999647408762447620e-01
9.999651129424451668e-01
9.999654808717031163e-01
9.999658447240736825e-01
9.999662045587037751e-01
9.999665604338462410e-01
9.999669124068736314e-01
9.999672605342933007e-01
9.999676048717608401e-01
9.999679454740940665e-01
9.999682823952861233e-01
9.999686156885193578e-01
9.999689454061780891e-01
9.999692715998613757e-01
9.999695943203955606e-01
9.999699136178470393e-01
9.999702295415342501e-01
9.999705421400403305e-01
9.999708514612242194e-01
9.999711575522323148e-01
9.999714604595104639e-01
9.999717602288148433e-01
9.999720569052236163e-01
9.999723505331470363e-01
9.999726411563394368e-01
9.999729288179083353e-01
9.999732135603259797e-01
9.999734954254392294e-01
9.999737744544794360e-01
9.999740506880726576e-01
9.999743241662494286e-01
9.999745949284541968e-01
9.999748630135548710e-01
9.999751284598520362e-01
9.999753913050878351e-01
9.999756515864558493e-01
9.999759093406092036e-01
9.999761646036701146e-01
9.999764174112371062e-01
9.999766677983943364e-01
9.999769157997203672e-01
9.999771614492953820e-01
9.999774047807096222e-01
9.999776458270716040e-01
9.999778846210154448e-01
9.999781211947089687e-01
9.999783555798613666e-01
9.999785878077299683e-01
9.999788179091276819e-01
9.999790459144307642e-01
9.999792718535855940e-01
9.999794957561154440e-01
9.999797176511275865e-01
9.999799375673205093e-01
9.999801555329893565e-01
9.999803715760338108e-01
9.999805857239636442e-01
9.999807980039051580e-01
9.999810084426080659e-01
9.999812170664504896e-01
9.999814239014463979e-01
9.999816289732509356e-01
9.999818323071656412e-01
9.999820339281454418e-01
9.999822338608035377e-01
9.999824321294175089e-01
9.999826287579334227e-01
9.999828237699732725e-01
9.999830171888397512e-01
9.999832090375203597e-01
9.999833993386940678e-01
9.999835881147352001e-01
9.999837753877190982e-01
9.999839611794268945e-01
9.999841455113509525e-01
9.999843284046990854e-01
9.999845098803994414e-01
9.999846899591050553e-01
9.999848686611980675e-01
9.999850460067951641e-01
9.999852220157515736e-01
9.999853967076652861e-01
9.999855701018816045e-01
9.999857422174973642e-01
9.999859130733648183e-01
9.999860826880964115e-01
9.999862510800683335e-01
9.999864182674242929e-01
9.999865842680801808e-01
9.999867490997279562e-01
9.999869127798387547e-01
9.999870753256668854e-01
9.999872367542542717e-01
9.999873970824333380e-01
9.999875563268313394e-01
9.999877145038725823e-01
9.999878716297844194e-01
9.999880277205978052e-01
9.999881827921529576e-01
9.999883368601016898e-01
9.999884899399108518e-01
9.999886420468655501e-01
9.999887931960732557e-01
9.999889434024658019e-01
9.999890926808033820e-01
9.999892410456767688e-01
9.999893885115118675e-01
9.999895350925710469e-01
9.999896808029578033e-01
9.999898256566180921e-01
9.999899696673443250e-01
9.999901128487782564e-01
9.999902552144129819e-01
9.999903967775966018e-01
9.999905375515348860e-01
9.999906775492933830e-01
9.999908167838008621e-01
9.999909552678517555e-01
9.999910930141087118e-01
9.999912300351051497e-01
9.999913663432481448e-01
9.999915019508204272e-01
9.999916368699838243e-01
9.999917711127807030e-01
9.999919046911375231e-01
9.999920376168661695e-01
9.999921699016669496e-01
9.999923015571313689e-01
9.999924325947433523e-01
9.999925630258829079e-01
9.999926928618279032e-01
9.999928221137558415e-01
9.999929507927471928e-01
9.999930789097865036e-01
9.999932064757651728e-01
9.999933335014846714e-01
9.999934599976563199e-01
9.999935859749061740e-01
9.999937114437752461e-01
9.999938364147226144e-01
9.999939608981269767e-01
9.999940849042889823e-01
9.999942084434336742e-01
9.999943315257122656e-01
9.999944541612039162e-01
9.999945763599181747e-01
9.999946981317970884e-01
9.999948194867167572e-01
9.999949404344898873e-01
9.999950609848672345e-01
9.999951811475401575e-01
9.999953009321421726e-01
9.999954203482509518e-01
9.999955394053906543e-01
9.999956581130337030e-01
9.999957764806025606e-01
9.999958945174715064e-01
9.999960122329690781e-01
9.999961296363798491e-01
9.999962467369457597e-01
9.999963635438695597e-01
9.999964800663144748e-01
9.999965963134076485e-01
9.999967122942422515e-01
9.999968280178784807e-01
9.999969434933458912e-01
9.999970587296448388e-01
9.999971737357492563e-01
9.999972885206082074e-01
9.999974030931472191e-01
9.999975174622708352e-01
9.999976316368641704e-01
9.999977456257947983e-01
9.999978594379151930e-01
9.999979730820646173e-01
9.999980865670696772e-01
9.999981999017480971e-01
9.999983130949093857e-01
9.999984261553576115e-01
9.999985390918927353e-01
9.999986519133128304e-01
9.999987646284160814e-01
9.999988772460028930e-01
9.999989897748773338e-01
9.999991022238499117e-01
9.999992146017390171e-01
9.999993269173731436e-01
9.999994391795924420e-01
9.999995513972520511e-01
9.999996635792228750e-01
9.999997757343941363e-01
9.999998878716755968e-01
