-9.999999999999986677e-02 -2.000000000000000111e-01 9.640999999999999570e-01
-4.999999999999982236e-02 -2.000000000000000111e-01 9.671999999999999487e-01
0.000000000000000000e+00 -2.000000000000000111e-01 9.685000000000000275e-01
5.000000000000004441e-02 -2.000000000000000111e-01 9.650999999999999579e-01
1.000000000000000888e-01 -2.000000000000000111e-01 9.648999999999999799e-01
1.500000000000001332e-01 -2.000000000000000111e-01 9.639999999999999680e-01
2.000000000000001776e-01 -2.000000000000000111e-01 9.677000000000000046e-01
2.500000000000000000e-01 -2.000000000000000111e-01 9.659999999999999698e-01
3.000000000000000444e-01 -2.000000000000000111e-01 9.700999999999999623e-01
3.500000000000000888e-01 -2.000000000000000111e-01 9.710999999999999632e-01
4.000000000000001332e-01 -2.000000000000000111e-01 9.788000000000000034e-01
4.500000000000001776e-01 -2.000000000000000111e-01 9.907000000000000250e-01
5.000000000000000000e-01 -2.000000000000000111e-01 9.986000000000000432e-01
5.500000000000002665e-01 -2.000000000000000111e-01 1.000000000000000000e+00
6.000000000000000888e-01 -2.000000000000000111e-01 1.000000000000000000e+00
6.499999999999999112e-01 -2.000000000000000111e-01 1.000000000000000000e+00
7.000000000000001776e-01 -2.000000000000000111e-01 1.000000000000000000e+00
7.500000000000000000e-01 -2.000000000000000111e-01 1.000000000000000000e+00
8.000000000000002665e-01 -2.000000000000000111e-01 9.993999999999999551e-01
8.500000000000000888e-01 -2.000000000000000111e-01 9.935000000000000497e-01
9.000000000000003553e-01 -2.000000000000000111e-01 9.719999999999999751e-01
-2.500000000000000000e-01 -1.500000000000000222e-01 9.655000000000000249e-01
-1.999999999999999556e-01 -1.500000000000000222e-01 9.665000000000000258e-01
-1.499999999999999112e-01 -1.500000000000000222e-01 9.707000000000000073e-01
-9.999999999999986677e-02 -1.500000000000000222e-01 9.677000000000000046e-01
-4.999999999999982236e-02 -1.500000000000000222e-01 9.711999999999999522e-01
0.000000000000000000e+00 -1.500000000000000222e-01 9.730999999999999650e-01
5.000000000000004441e-02 -1.500000000000000222e-01 9.735000000000000320e-01
1.000000000000000888e-01 -1.500000000000000222e-01 9.754000000000000448e-01
1.500000000000001332e-01 -1.500000000000000222e-01 9.772999999999999465e-01
2.000000000000001776e-01 -1.500000000000000222e-01 9.754000000000000448e-01
2.500000000000000000e-01 -1.500000000000000222e-01 9.778999999999999915e-01
3.000000000000000444e-01 -1.500000000000000222e-01 9.779999999999999805e-01
3.500000000000000888e-01 -1.500000000000000222e-01 9.837000000000000188e-01
4.000000000000001332e-01 -1.500000000000000222e-01 9.881999999999999673e-01
4.500000000000001776e-01 -1.500000000000000222e-01 9.959999999999999964e-01
5.000000000000000000e-01 -1.500000000000000222e-01 9.999000000000000110e-01
5.500000000000002665e-01 -1.500000000000000222e-01 1.000000000000000000e+00
6.000000000000000888e-01 -1.500000000000000222e-01 1.000000000000000000e+00
6.499999999999999112e-01 -1.500000000000000222e-01 1.000000000000000000e+00
7.000000000000001776e-01 -1.500000000000000222e-01 1.000000000000000000e+00
7.500000000000000000e-01 -1.500000000000000222e-01 1.000000000000000000e+00
8.000000000000002665e-01 -1.500000000000000222e-01 1.000000000000000000e+00
8.500000000000000888e-01 -1.500000000000000222e-01 9.973999999999999533e-01
9.000000000000003553e-01 -1.500000000000000222e-01 9.905000000000000471e-01
9.500000000000001776e-01 -1.500000000000000222e-01 9.770999999999999686e-01
1.000000000000000000e+00 -1.500000000000000222e-01 9.660999999999999588e-01
-3.499999999999998668e-01 -1.000000000000000056e-01 9.586999999999999966e-01
-2.999999999999998224e-01 -1.000000000000000056e-01 9.627999999999999892e-01
-2.500000000000000000e-01 -1.000000000000000056e-01 9.677999999999999936e-01
-1.999999999999999556e-01 -1.000000000000000056e-01 9.711999999999999522e-01
-1.499999999999999112e-01 -1.000000000000000056e-01 9.752999999999999448e-01
-9.999999999999986677e-02 -1.000000000000000056e-01 9.756000000000000227e-01
-4.999999999999982236e-02 -1.000000000000000056e-01 9.778999999999999915e-01
0.000000000000000000e+00 -1.000000000000000056e-01 9.786000000000000254e-01
5.000000000000004441e-02 -1.000000000000000056e-01 9.796000000000000263e-01
1.000000000000000888e-01 -1.000000000000000056e-01 9.810999999999999721e-01
1.500000000000001332e-01 -1.000000000000000056e-01 9.850999999999999757e-01
2.000000000000001776e-01 -1.000000000000000056e-01 9.887000000000000233e-01
2.500000000000000000e-01 -1.000000000000000056e-01 9.879000000000000004e-01
3.000000000000000444e-01 -1.000000000000000056e-01 9.911999999999999700e-01
3.500000000000000888e-01 -1.000000000000000056e-01 9.935000000000000497e-01
4.000000000000001332e-01 -1.000000000000000056e-01 9.962999999999999634e-01
4.500000000000001776e-01 -1.000000000000000056e-01 9.989999999999999991e-01
5.000000000000000000e-01 -1.000000000000000056e-01 1.000000000000000000e+00
5.500000000000002665e-01 -1.000000000000000056e-01 1.000000000000000000e+00
6.000000000000000888e-01 -1.000000000000000056e-01 1.000000000000000000e+00
6.499999999999999112e-01 -1.000000000000000056e-01 1.000000000000000000e+00
7.000000000000001776e-01 -1.000000000000000056e-01 1.000000000000000000e+00
7.500000000000000000e-01 -1.000000000000000056e-01 1.000000000000000000e+00
8.000000000000002665e-01 -1.000000000000000056e-01 1.000000000000000000e+00
8.500000000000000888e-01 -1.000000000000000056e-01 9.996000000000000441e-01
9.000000000000003553e-01 -1.000000000000000056e-01 9.981999999999999762e-01
9.500000000000001776e-01 -1.000000000000000056e-01 9.961999999999999744e-01
1.000000000000000000e+00 -1.000000000000000056e-01 9.951999999999999735e-01
1.050000000000000266e+00 -1.000000000000000056e-01 9.909999999999999920e-01
-3.999999999999999112e-01 -4.999999999999998890e-02 9.539999999999999591e-01
-3.499999999999998668e-01 -4.999999999999998890e-02 9.645000000000000240e-01
-2.999999999999998224e-01 -4.999999999999998890e-02 9.667000000000000037e-01
-2.500000000000000000e-01 -4.999999999999998890e-02 9.685000000000000275e-01
-1.999999999999999556e-01 -4.999999999999998890e-02 9.733000000000000540e-01
-1.499999999999999112e-01 -4.999999999999998890e-02 9.781999999999999584e-01
-9.999999999999986677e-02 -4.999999999999998890e-02 9.762999999999999456e-01
-4.999999999999982236e-02 -4.999999999999998890e-02 9.801999999999999602e-01
0.000000000000000000e+00 -4.999999999999998890e-02 9.838999999999999968e-01
5.000000000000004441e-02 -4.999999999999998890e-02 9.845000000000000417e-01
1.000000000000000888e-01 -4.999999999999998890e-02 9.895000000000000462e-01
1.500000000000001332e-01 -4.999999999999998890e-02 9.937000000000000277e-01
2.000000000000001776e-01 -4.999999999999998890e-02 9.931999999999999718e-01
2.500000000000000000e-01 -4.999999999999998890e-02 9.951999999999999735e-01
3.000000000000000444e-01 -4.999999999999998890e-02 9.967000000000000304e-01
3.500000000000000888e-01 -4.999999999999998890e-02 9.971999999999999753e-01
4.000000000000001332e-01 -4.999999999999998890e-02 9.989000000000000101e-01
4.500000000000001776e-01 -4.999999999999998890e-02 1.000000000000000000e+00
5.000000000000000000e-01 -4.999999999999998890e-02 1.000000000000000000e+00
5.500000000000002665e-01 -4.999999999999998890e-02 1.000000000000000000e+00
6.000000000000000888e-01 -4.999999999999998890e-02 1.000000000000000000e+00
6.499999999999999112e-01 -4.999999999999998890e-02 1.000000000000000000e+00
7.000000000000001776e-01 -4.999999999999998890e-02 1.000000000000000000e+00
7.500000000000000000e-01 -4.999999999999998890e-02 1.000000000000000000e+00
8.000000000000002665e-01 -4.999999999999998890e-02 1.000000000000000000e+00
8.500000000000000888e-01 -4.999999999999998890e-02 1.000000000000000000e+00
9.000000000000003553e-01 -4.999999999999998890e-02 9.998000000000000220e-01
9.500000000000001776e-01 -4.999999999999998890e-02 9.998000000000000220e-01
1.000000000000000000e+00 -4.999999999999998890e-02 9.999000000000000110e-01
1.050000000000000266e+00 -4.999999999999998890e-02 9.998000000000000220e-01
1.100000000000000089e+00 -4.999999999999998890e-02 9.998000000000000220e-01
-5.000000000000000000e-01 0.000000000000000000e+00 9.264999999999999902e-01
-4.499999999999999556e-01 0.000000000000000000e+00 9.461000000000000520e-01
-3.999999999999999112e-01 0.000000000000000000e+00 9.557999999999999829e-01
-3.499999999999998668e-01 0.000000000000000000e+00 9.613000000000000433e-01
-2.999999999999998224e-01 0.000000000000000000e+00 9.689999999999999725e-01
-2.500000000000000000e-01 0.000000000000000000e+00 9.699999999999999734e-01
-1.999999999999999556e-01 0.000000000000000000e+00 9.772999999999999465e-01
-1.499999999999999112e-01 0.000000000000000000e+00 9.778000000000000025e-01
-9.999999999999986677e-02 0.000000000000000000e+00 9.816000000000000281e-01
-4.999999999999982236e-02 0.000000000000000000e+00 9.840999999999999748e-01
0.000000000000000000e+00 0.000000000000000000e+00 9.874000000000000554e-01
5.000000000000004441e-02 0.000000000000000000e+00 9.927000000000000268e-01
1.000000000000000888e-01 0.000000000000000000e+00 9.939000000000000057e-01
1.500000000000001332e-01 0.000000000000000000e+00 9.956000000000000405e-01
2.000000000000001776e-01 0.000000000000000000e+00 9.971999999999999753e-01
2.500000000000000000e-01 0.000000000000000000e+00 9.980999999999999872e-01
3.000000000000000444e-01 0.000000000000000000e+00 9.992999999999999661e-01
3.500000000000000888e-01 0.000000000000000000e+00 9.991999999999999771e-01
4.000000000000001332e-01 0.000000000000000000e+00 9.995000000000000551e-01
4.500000000000001776e-01 0.000000000000000000e+00 1.000000000000000000e+00
5.000000000000000000e-01 0.000000000000000000e+00 1.000000000000000000e+00
5.500000000000002665e-01 0.000000000000000000e+00 1.000000000000000000e+00
6.000000000000000888e-01 0.000000000000000000e+00 1.000000000000000000e+00
6.499999999999999112e-01 0.000000000000000000e+00 1.000000000000000000e+00
7.000000000000001776e-01 0.000000000000000000e+00 1.000000000000000000e+00
7.500000000000000000e-01 0.000000000000000000e+00 1.000000000000000000e+00
8.000000000000002665e-01 0.000000000000000000e+00 1.000000000000000000e+00
8.500000000000000888e-01 0.000000000000000000e+00 1.000000000000000000e+00
9.000000000000003553e-01 0.000000000000000000e+00 1.000000000000000000e+00
9.500000000000001776e-01 0.000000000000000000e+00 1.000000000000000000e+00
1.000000000000000000e+00 0.000000000000000000e+00 1.000000000000000000e+00
1.050000000000000266e+00 0.000000000000000000e+00 1.000000000000000000e+00
1.100000000000000089e+00 0.000000000000000000e+00 1.000000000000000000e+00
-5.499999999999999334e-01 4.999999999999998890e-02 9.040000000000000258e-01
-5.000000000000000000e-01 4.999999999999998890e-02 9.261000000000000343e-01
-4.499999999999999556e-01 4.999999999999998890e-02 9.433000000000000274e-01
-3.999999999999999112e-01 4.999999999999998890e-02 9.543000000000000371e-01
-3.499999999999998668e-01 4.999999999999998890e-02 9.618999999999999773e-01
-2.999999999999998224e-01 4.999999999999998890e-02 9.658999999999999808e-01
-2.500000000000000000e-01 4.999999999999998890e-02 9.693000000000000504e-01
-1.999999999999999556e-01 4.999999999999998890e-02 9.752999999999999448e-01
-1.499999999999999112e-01 4.999999999999998890e-02 9.769999999999999796e-01
-9.999999999999986677e-02 4.999999999999998890e-02 9.808999999999999941e-01
-4.999999999999982236e-02 4.999999999999998890e-02 9.838999999999999968e-01
0.000000000000000000e+00 4.999999999999998890e-02 9.877000000000000224e-01
5.000000000000004441e-02 4.999999999999998890e-02 9.910999999999999810e-01
1.000000000000000888e-01 4.999999999999998890e-02 9.941999999999999726e-01
1.500000000000001332e-01 4.999999999999998890e-02 9.970999999999999863e-01
2.000000000000001776e-01 4.999999999999998890e-02 9.983999999999999542e-01
2.500000000000000000e-01 4.999999999999998890e-02 9.989999999999999991e-01
3.000000000000000444e-01 4.999999999999998890e-02 9.989000000000000101e-01
3.500000000000000888e-01 4.999999999999998890e-02 9.995000000000000551e-01
4.000000000000001332e-01 4.999999999999998890e-02 9.995000000000000551e-01
4.500000000000001776e-01 4.999999999999998890e-02 1.000000000000000000e+00
5.000000000000000000e-01 4.999999999999998890e-02 1.000000000000000000e+00
5.500000000000002665e-01 4.999999999999998890e-02 1.000000000000000000e+00
6.000000000000000888e-01 4.999999999999998890e-02 1.000000000000000000e+00
6.499999999999999112e-01 4.999999999999998890e-02 1.000000000000000000e+00
7.000000000000001776e-01 4.999999999999998890e-02 1.000000000000000000e+00
7.500000000000000000e-01 4.999999999999998890e-02 1.000000000000000000e+00
8.000000000000002665e-01 4.999999999999998890e-02 1.000000000000000000e+00
8.500000000000000888e-01 4.999999999999998890e-02 1.000000000000000000e+00
9.000000000000003553e-01 4.999999999999998890e-02 1.000000000000000000e+00
9.500000000000001776e-01 4.999999999999998890e-02 1.000000000000000000e+00
1.000000000000000000e+00 4.999999999999998890e-02 1.000000000000000000e+00
1.050000000000000266e+00 4.999999999999998890e-02 1.000000000000000000e+00
1.100000000000000089e+00 4.999999999999998890e-02 1.000000000000000000e+00
-6.499999999999999112e-01 1.000000000000000333e-01 8.302000000000000490e-01
-5.999999999999999778e-01 1.000000000000000333e-01 8.675000000000000488e-01
-5.499999999999999334e-01 1.000000000000000333e-01 9.074999999999999734e-01
-5.000000000000000000e-01 1.000000000000000333e-01 9.297999999999999599e-01
-4.499999999999999556e-01 1.000000000000000333e-01 9.463000000000000300e-01
-3.999999999999999112e-01 1.000000000000000333e-01 9.538999999999999702e-01
-3.499999999999998668e-01 1.000000000000000333e-01 9.602000000000000535e-01
-2.999999999999998224e-01 1.000000000000000333e-01 9.655000000000000249e-01
-2.500000000000000000e-01 1.000000000000000333e-01 9.715000000000000302e-01
-1.999999999999999556e-01 1.000000000000000333e-01 9.725000000000000311e-01
-1.499999999999999112e-01 1.000000000000000333e-01 9.746000000000000218e-01
-9.999999999999986677e-02 1.000000000000000333e-01 9.764000000000000457e-01
-4.999999999999982236e-02 1.000000000000000333e-01 9.796000000000000263e-01
0.000000000000000000e+00 1.000000000000000333e-01 9.860999999999999766e-01
5.000000000000004441e-02 1.000000000000000333e-01 9.915000000000000480e-01
1.000000000000000888e-01 1.000000000000000333e-01 9.940999999999999837e-01
1.500000000000001332e-01 1.000000000000000333e-01 9.976000000000000423e-01
2.000000000000001776e-01 1.000000000000000333e-01 9.980999999999999872e-01
2.500000000000000000e-01 1.000000000000000333e-01 9.991999999999999771e-01
3.000000000000000444e-01 1.000000000000000333e-01 9.993999999999999551e-01
3.500000000000000888e-01 1.000000000000000333e-01 9.993999999999999551e-01
4.000000000000001332e-01 1.000000000000000333e-01 9.992999999999999661e-01
4.500000000000001776e-01 1.000000000000000333e-01 1.000000000000000000e+00
5.000000000000000000e-01 1.000000000000000333e-01 1.000000000000000000e+00
5.500000000000002665e-01 1.000000000000000333e-01 1.000000000000000000e+00
6.000000000000000888e-01 1.000000000000000333e-01 1.000000000000000000e+00
6.499999999999999112e-01 1.000000000000000333e-01 1.000000000000000000e+00
7.000000000000001776e-01 1.000000000000000333e-01 1.000000000000000000e+00
7.500000000000000000e-01 1.000000000000000333e-01 1.000000000000000000e+00
8.000000000000002665e-01 1.000000000000000333e-01 1.000000000000000000e+00
8.500000000000000888e-01 1.000000000000000333e-01 1.000000000000000000e+00
9.000000000000003553e-01 1.000000000000000333e-01 1.000000000000000000e+00
9.500000000000001776e-01 1.000000000000000333e-01 9.998000000000000220e-01
1.000000000000000000e+00 1.000000000000000333e-01 9.997000000000000330e-01
1.050000000000000266e+00 1.000000000000000333e-01 9.991999999999999771e-01
-7.500000000000000000e-01 1.500000000000000222e-01 7.352999999999999536e-01
-6.999999999999999556e-01 1.500000000000000222e-01 7.884999999999999787e-01
-6.499999999999999112e-01 1.500000000000000222e-01 8.349999999999999645e-01
-5.999999999999999778e-01 1.500000000000000222e-01 8.746000000000000441e-01
-5.499999999999999334e-01 1.500000000000000222e-01 9.091000000000000192e-01
-5.000000000000000000e-01 1.500000000000000222e-01 9.307999999999999607e-01
-4.499999999999999556e-01 1.500000000000000222e-01 9.405000000000000027e-01
-3.999999999999999112e-01 1.500000000000000222e-01 9.537999999999999812e-01
-3.499999999999998668e-01 1.500000000000000222e-01 9.622000000000000552e-01
-2.999999999999998224e-01 1.500000000000000222e-01 9.658999999999999808e-01
-2.500000000000000000e-01 1.500000000000000222e-01 9.677000000000000046e-01
-1.999999999999999556e-01 1.500000000000000222e-01 9.724000000000000421e-01
-1.499999999999999112e-01 1.500000000000000222e-01 9.701999999999999513e-01
-9.999999999999986677e-02 1.500000000000000222e-01 9.743000000000000549e-01
-4.999999999999982236e-02 1.500000000000000222e-01 9.777000000000000135e-01
0.000000000000000000e+00 1.500000000000000222e-01 9.811999999999999611e-01
5.000000000000004441e-02 1.500000000000000222e-01 9.871999999999999664e-01
1.000000000000000888e-01 1.500000000000000222e-01 9.919999999999999929e-01
1.500000000000001332e-01 1.500000000000000222e-01 9.946000000000000396e-01
2.000000000000001776e-01 1.500000000000000222e-01 9.978000000000000203e-01
2.500000000000000000e-01 1.500000000000000222e-01 9.988000000000000211e-01
3.000000000000000444e-01 1.500000000000000222e-01 9.992999999999999661e-01
3.500000000000000888e-01 1.500000000000000222e-01 9.993999999999999551e-01
4.000000000000001332e-01 1.500000000000000222e-01 9.991999999999999771e-01
4.500000000000001776e-01 1.500000000000000222e-01 9.995000000000000551e-01
5.000000000000000000e-01 1.500000000000000222e-01 1.000000000000000000e+00
5.500000000000002665e-01 1.500000000000000222e-01 1.000000000000000000e+00
6.000000000000000888e-01 1.500000000000000222e-01 1.000000000000000000e+00
6.499999999999999112e-01 1.500000000000000222e-01 1.000000000000000000e+00
7.000000000000001776e-01 1.500000000000000222e-01 1.000000000000000000e+00
7.500000000000000000e-01 1.500000000000000222e-01 1.000000000000000000e+00
8.000000000000002665e-01 1.500000000000000222e-01 1.000000000000000000e+00
8.500000000000000888e-01 1.500000000000000222e-01 9.999000000000000110e-01
9.000000000000003553e-01 1.500000000000000222e-01 9.992999999999999661e-01
9.500000000000001776e-01 1.500000000000000222e-01 9.975000000000000533e-01
1.000000000000000000e+00 1.500000000000000222e-01 9.948000000000000176e-01
1.050000000000000266e+00 1.500000000000000222e-01 9.891999999999999682e-01
-8.499999999999999778e-01 2.000000000000000111e-01 6.052999999999999492e-01
-7.999999999999999334e-01 2.000000000000000111e-01 6.691000000000000281e-01
-7.500000000000000000e-01 2.000000000000000111e-01 7.463999999999999524e-01
-6.999999999999999556e-01 2.000000000000000111e-01 7.993000000000000105e-01
-6.499999999999999112e-01 2.000000000000000111e-01 8.463000000000000522e-01
-5.999999999999999778e-01 2.000000000000000111e-01 8.766000000000000458e-01
-5.499999999999999334e-01 2.000000000000000111e-01 9.115999999999999659e-01
-5.000000000000000000e-01 2.000000000000000111e-01 9.350000000000000533e-01
-4.499999999999999556e-01 2.000000000000000111e-01 9.473000000000000309e-01
-3.999999999999999112e-01 2.000000000000000111e-01 9.546999999999999931e-01
-3.499999999999998668e-01 2.000000000000000111e-01 9.603000000000000425e-01
-2.999999999999998224e-01 2.000000000000000111e-01 9.656000000000000139e-01
-2.500000000000000000e-01 2.000000000000000111e-01 9.694000000000000394e-01
-1.999999999999999556e-01 2.000000000000000111e-01 9.679999999999999716e-01
-1.499999999999999112e-01 2.000000000000000111e-01 9.659999999999999698e-01
-9.999999999999986677e-02 2.000000000000000111e-01 9.687000000000000055e-01
-4.999999999999982236e-02 2.000000000000000111e-01 9.724000000000000421e-01
0.000000000000000000e+00 2.000000000000000111e-01 9.714000000000000412e-01
5.000000000000004441e-02 2.000000000000000111e-01 9.774000000000000465e-01
1.000000000000000888e-01 2.000000000000000111e-01 9.836000000000000298e-01
1.500000000000001332e-01 2.000000000000000111e-01 9.888000000000000123e-01
2.000000000000001776e-01 2.000000000000000111e-01 9.948000000000000176e-01
2.500000000000000000e-01 2.000000000000000111e-01 9.969000000000000083e-01
3.000000000000000444e-01 2.000000000000000111e-01 9.979999999999999982e-01
3.500000000000000888e-01 2.000000000000000111e-01 9.989999999999999991e-01
4.000000000000001332e-01 2.000000000000000111e-01 9.987000000000000322e-01
4.500000000000001776e-01 2.000000000000000111e-01 9.986000000000000432e-01
5.000000000000000000e-01 2.000000000000000111e-01 9.996000000000000441e-01
5.500000000000002665e-01 2.000000000000000111e-01 1.000000000000000000e+00
6.000000000000000888e-01 2.000000000000000111e-01 1.000000000000000000e+00
6.499999999999999112e-01 2.000000000000000111e-01 1.000000000000000000e+00
7.000000000000001776e-01 2.000000000000000111e-01 1.000000000000000000e+00
7.500000000000000000e-01 2.000000000000000111e-01 1.000000000000000000e+00
8.000000000000002665e-01 2.000000000000000111e-01 1.000000000000000000e+00
8.500000000000000888e-01 2.000000000000000111e-01 9.998000000000000220e-01
9.000000000000003553e-01 2.000000000000000111e-01 9.983999999999999542e-01
9.500000000000001776e-01 2.000000000000000111e-01 9.943999999999999506e-01
1.000000000000000000e+00 2.000000000000000111e-01 9.867000000000000215e-01
-1.000000000000000000e+00 2.500000000000000000e-01 3.255000000000000115e-01
-9.499999999999999556e-01 2.500000000000000000e-01 4.121000000000000218e-01
-8.999999999999999112e-01 2.500000000000000000e-01 5.003999999999999559e-01
-8.499999999999999778e-01 2.500000000000000000e-01 5.890999999999999570e-01
-7.999999999999999334e-01 2.500000000000000000e-01 6.808999999999999497e-01
-7.500000000000000000e-01 2.500000000000000000e-01 7.519000000000000128e-01
-6.999999999999999556e-01 2.500000000000000000e-01 8.145999999999999908e-01
-6.499999999999999112e-01 2.500000000000000000e-01 8.592999999999999527e-01
-5.999999999999999778e-01 2.500000000000000000e-01 8.897000000000000464e-01
-5.499999999999999334e-01 2.500000000000000000e-01 9.183999999999999941e-01
-5.000000000000000000e-01 2.500000000000000000e-01 9.381000000000000449e-01
-4.499999999999999556e-01 2.500000000000000000e-01 9.523000000000000353e-01
-3.999999999999999112e-01 2.500000000000000000e-01 9.602000000000000535e-01
-3.499999999999998668e-01 2.500000000000000000e-01 9.634000000000000341e-01
-2.999999999999998224e-01 2.500000000000000000e-01 9.668999999999999817e-01
-2.500000000000000000e-01 2.500000000000000000e-01 9.698999999999999844e-01
-1.999999999999999556e-01 2.500000000000000000e-01 9.673000000000000487e-01
-1.499999999999999112e-01 2.500000000000000000e-01 9.668999999999999817e-01
-9.999999999999986677e-02 2.500000000000000000e-01 9.647999999999999909e-01
-4.999999999999982236e-02 2.500000000000000000e-01 9.689999999999999725e-01
0.000000000000000000e+00 2.500000000000000000e-01 9.671999999999999487e-01
5.000000000000004441e-02 2.500000000000000000e-01 9.690999999999999615e-01
1.000000000000000888e-01 2.500000000000000000e-01 9.751999999999999558e-01
1.500000000000001332e-01 2.500000000000000000e-01 9.779999999999999805e-01
2.000000000000001776e-01 2.500000000000000000e-01 9.834000000000000519e-01
2.500000000000000000e-01 2.500000000000000000e-01 9.910999999999999810e-01
3.000000000000000444e-01 2.500000000000000000e-01 9.943999999999999506e-01
3.500000000000000888e-01 2.500000000000000000e-01 9.959000000000000075e-01
4.000000000000001332e-01 2.500000000000000000e-01 9.970999999999999863e-01
4.500000000000001776e-01 2.500000000000000000e-01 9.975000000000000533e-01
5.000000000000000000e-01 2.500000000000000000e-01 9.973999999999999533e-01
5.500000000000002665e-01 2.500000000000000000e-01 9.989000000000000101e-01
6.000000000000000888e-01 2.500000000000000000e-01 9.998000000000000220e-01
6.499999999999999112e-01 2.500000000000000000e-01 1.000000000000000000e+00
7.000000000000001776e-01 2.500000000000000000e-01 1.000000000000000000e+00
7.500000000000000000e-01 2.500000000000000000e-01 1.000000000000000000e+00
8.000000000000002665e-01 2.500000000000000000e-01 1.000000000000000000e+00
8.500000000000000888e-01 2.500000000000000000e-01 1.000000000000000000e+00
9.000000000000003553e-01 2.500000000000000000e-01 9.988000000000000211e-01
-1.149999999999999911e+00 2.999999999999999889e-01 8.480000000000000038e-02
-1.100000000000000089e+00 2.999999999999999889e-01 1.386000000000000010e-01
-1.050000000000000044e+00 2.999999999999999889e-01 2.058999999999999997e-01
-1.000000000000000000e+00 2.999999999999999889e-01 2.963000000000000078e-01
-9.499999999999999556e-01 2.999999999999999889e-01 3.977999999999999869e-01
-8.999999999999999112e-01 2.999999999999999889e-01 5.040000000000000036e-01
-8.499999999999999778e-01 2.999999999999999889e-01 6.245000000000000551e-01
-7.999999999999999334e-01 2.999999999999999889e-01 7.004000000000000226e-01
-7.500000000000000000e-01 2.999999999999999889e-01 7.801000000000000156e-01
-6.999999999999999556e-01 2.999999999999999889e-01 8.276000000000000023e-01
-6.499999999999999112e-01 2.999999999999999889e-01 8.794999999999999485e-01
-5.999999999999999778e-01 2.999999999999999889e-01 9.177999999999999492e-01
-5.499999999999999334e-01 2.999999999999999889e-01 9.354000000000000092e-01
-5.000000000000000000e-01 2.999999999999999889e-01 9.489999999999999547e-01
-4.499999999999999556e-01 2.999999999999999889e-01 9.588999999999999746e-01
-3.999999999999999112e-01 2.999999999999999889e-01 9.657000000000000028e-01
-3.499999999999998668e-01 2.999999999999999889e-01 9.688999999999999835e-01
-2.999999999999998224e-01 2.999999999999999889e-01 9.686000000000000165e-01
-2.500000000000000000e-01 2.999999999999999889e-01 9.687000000000000055e-01
-1.999999999999999556e-01 2.999999999999999889e-01 9.703000000000000513e-01
-1.499999999999999112e-01 2.999999999999999889e-01 9.681999999999999496e-01
-9.999999999999986677e-02 2.999999999999999889e-01 9.636000000000000121e-01
-4.999999999999982236e-02 2.999999999999999889e-01 9.673000000000000487e-01
0.000000000000000000e+00 2.999999999999999889e-01 9.636000000000000121e-01
5.000000000000004441e-02 2.999999999999999889e-01 9.670999999999999597e-01
1.000000000000000888e-01 2.999999999999999889e-01 9.622000000000000552e-01
1.500000000000001332e-01 2.999999999999999889e-01 9.657000000000000028e-01
2.000000000000001776e-01 2.999999999999999889e-01 9.710999999999999632e-01
2.500000000000000000e-01 2.999999999999999889e-01 9.774000000000000465e-01
3.000000000000000444e-01 2.999999999999999889e-01 9.839999999999999858e-01
3.500000000000000888e-01 2.999999999999999889e-01 9.880999999999999783e-01
4.000000000000001332e-01 2.999999999999999889e-01 9.927000000000000268e-01
4.500000000000001776e-01 2.999999999999999889e-01 9.932999999999999607e-01
5.000000000000000000e-01 2.999999999999999889e-01 9.945000000000000506e-01
5.500000000000002665e-01 2.999999999999999889e-01 9.957000000000000295e-01
6.000000000000000888e-01 2.999999999999999889e-01 9.971999999999999753e-01
6.499999999999999112e-01 2.999999999999999889e-01 9.992999999999999661e-01
7.000000000000001776e-01 2.999999999999999889e-01 9.999000000000000110e-01
7.500000000000000000e-01 2.999999999999999889e-01 9.999000000000000110e-01
8.000000000000002665e-01 2.999999999999999889e-01 9.999000000000000110e-01
8.500000000000000888e-01 2.999999999999999889e-01 9.999000000000000110e-01
-1.350000000000000089e+00 3.500000000000000333e-01 1.980000000000000163e-02
-1.300000000000000044e+00 3.500000000000000333e-01 2.280000000000000082e-02
-1.250000000000000000e+00 3.500000000000000333e-01 2.589999999999999941e-02
-1.199999999999999956e+00 3.500000000000000333e-01 3.749999999999999861e-02
-1.149999999999999911e+00 3.500000000000000333e-01 6.160000000000000198e-02
-1.100000000000000089e+00 3.500000000000000333e-01 1.048999999999999932e-01
-1.050000000000000044e+00 3.500000000000000333e-01 1.706999999999999906e-01
-1.000000000000000000e+00 3.500000000000000333e-01 2.654000000000000248e-01
-9.499999999999999556e-01 3.500000000000000333e-01 3.830999999999999961e-01
-8.999999999999999112e-01 3.500000000000000333e-01 5.063999999999999613e-01
-8.499999999999999778e-01 3.500000000000000333e-01 6.239999999999999991e-01
-7.999999999999999334e-01 3.500000000000000333e-01 7.179999999999999716e-01
-7.500000000000000000e-01 3.500000000000000333e-01 8.028999999999999471e-01
-6.999999999999999556e-01 3.500000000000000333e-01 8.629999999999999893e-01
-6.499999999999999112e-01 3.500000000000000333e-01 9.114999999999999769e-01
-5.999999999999999778e-01 3.500000000000000333e-01 9.274000000000000021e-01
-5.499999999999999334e-01 3.500000000000000333e-01 9.426999999999999824e-01
-5.000000000000000000e-01 3.500000000000000333e-01 9.573000000000000398e-01
-4.499999999999999556e-01 3.500000000000000333e-01 9.665000000000000258e-01
-3.999999999999999112e-01 3.500000000000000333e-01 9.687000000000000055e-01
-3.499999999999998668e-01 3.500000000000000333e-01 9.695000000000000284e-01
-2.999999999999998224e-01 3.500000000000000333e-01 9.701999999999999513e-01
-2.500000000000000000e-01 3.500000000000000333e-01 9.724000000000000421e-01
-1.999999999999999556e-01 3.500000000000000333e-01 9.697000000000000064e-01
-1.499999999999999112e-01 3.500000000000000333e-01 9.657000000000000028e-01
-9.999999999999986677e-02 3.500000000000000333e-01 9.657999999999999918e-01
-4.999999999999982236e-02 3.500000000000000333e-01 9.640999999999999570e-01
0.000000000000000000e+00 3.500000000000000333e-01 9.619999999999999662e-01
5.000000000000004441e-02 3.500000000000000333e-01 9.627000000000000002e-01
1.000000000000000888e-01 3.500000000000000333e-01 9.623000000000000442e-01
1.500000000000001332e-01 3.500000000000000333e-01 9.613000000000000433e-01
2.000000000000001776e-01 3.500000000000000333e-01 9.582000000000000517e-01
2.500000000000000000e-01 3.500000000000000333e-01 9.703000000000000513e-01
3.000000000000000444e-01 3.500000000000000333e-01 9.724000000000000421e-01
3.500000000000000888e-01 3.500000000000000333e-01 9.749999999999999778e-01
4.000000000000001332e-01 3.500000000000000333e-01 9.837000000000000188e-01
4.500000000000001776e-01 3.500000000000000333e-01 9.851999999999999647e-01
5.000000000000000000e-01 3.500000000000000333e-01 9.874000000000000554e-01
5.500000000000002665e-01 3.500000000000000333e-01 9.889999999999999902e-01
6.000000000000000888e-01 3.500000000000000333e-01 9.899999999999999911e-01
6.499999999999999112e-01 3.500000000000000333e-01 9.943999999999999506e-01
7.000000000000001776e-01 3.500000000000000333e-01 9.973999999999999533e-01
7.500000000000000000e-01 3.500000000000000333e-01 9.978000000000000203e-01
8.000000000000002665e-01 3.500000000000000333e-01 9.991999999999999771e-01
-1.449999999999999956e+00 4.000000000000000777e-01 2.280000000000000082e-02
-1.399999999999999911e+00 4.000000000000000777e-01 1.810000000000000150e-02
-1.350000000000000089e+00 4.000000000000000777e-01 1.729999999999999941e-02
-1.300000000000000044e+00 4.000000000000000777e-01 1.590000000000000094e-02
-1.250000000000000000e+00 4.000000000000000777e-01 1.650000000000000078e-02
-1.199999999999999956e+00 4.000000000000000777e-01 2.750000000000000014e-02
-1.149999999999999911e+00 4.000000000000000777e-01 4.359999999999999987e-02
-1.100000000000000089e+00 4.000000000000000777e-01 7.580000000000000626e-02
-1.050000000000000044e+00 4.000000000000000777e-01 1.370000000000000107e-01
-1.000000000000000000e+00 4.000000000000000777e-01 2.330000000000000127e-01
-9.499999999999999556e-01 4.000000000000000777e-01 3.593999999999999972e-01
-8.999999999999999112e-01 4.000000000000000777e-01 5.036000000000000476e-01
-8.499999999999999778e-01 4.000000000000000777e-01 6.346000000000000529e-01
-7.999999999999999334e-01 4.000000000000000777e-01 7.456000000000000405e-01
-7.500000000000000000e-01 4.000000000000000777e-01 8.266999999999999904e-01
-6.999999999999999556e-01 4.000000000000000777e-01 8.945999999999999508e-01
-6.499999999999999112e-01 4.000000000000000777e-01 9.224999999999999867e-01
-5.999999999999999778e-01 4.000000000000000777e-01 9.451000000000000512e-01
-5.499999999999999334e-01 4.000000000000000777e-01 9.576000000000000068e-01
-5.000000000000000000e-01 4.000000000000000777e-01 9.615000000000000213e-01
-4.499999999999999556e-01 4.000000000000000777e-01 9.675000000000000266e-01
-3.999999999999999112e-01 4.000000000000000777e-01 9.699999999999999734e-01
-3.499999999999998668e-01 4.000000000000000777e-01 9.698999999999999844e-01
-2.999999999999998224e-01 4.000000000000000777e-01 9.704000000000000403e-01
-2.500000000000000000e-01 4.000000000000000777e-01 9.670999999999999597e-01
-1.999999999999999556e-01 4.000000000000000777e-01 9.677999999999999936e-01
-1.499999999999999112e-01 4.000000000000000777e-01 9.670999999999999597e-01
-9.999999999999986677e-02 4.000000000000000777e-01 9.633000000000000451e-01
-4.999999999999982236e-02 4.000000000000000777e-01 9.656000000000000139e-01
0.000000000000000000e+00 4.000000000000000777e-01 9.578999999999999737e-01
5.000000000000004441e-02 4.000000000000000777e-01 9.629999999999999671e-01
1.000000000000000888e-01 4.000000000000000777e-01 9.549999999999999600e-01
1.500000000000001332e-01 4.000000000000000777e-01 9.589999999999999636e-01
2.000000000000001776e-01 4.000000000000000777e-01 9.576999999999999957e-01
2.500000000000000000e-01 4.000000000000000777e-01 9.578999999999999737e-01
3.000000000000000444e-01 4.000000000000000777e-01 9.630999999999999561e-01
3.500000000000000888e-01 4.000000000000000777e-01 9.620999999999999552e-01
4.000000000000001332e-01 4.000000000000000777e-01 9.678999999999999826e-01
4.500000000000001776e-01 4.000000000000000777e-01 9.743000000000000549e-01
5.000000000000000000e-01 4.000000000000000777e-01 9.767000000000000126e-01
5.500000000000002665e-01 4.000000000000000777e-01 9.798999999999999932e-01
6.000000000000000888e-01 4.000000000000000777e-01 9.809999999999999831e-01
6.499999999999999112e-01 4.000000000000000777e-01 9.802999999999999492e-01
7.000000000000001776e-01 4.000000000000000777e-01 9.845000000000000417e-01
7.500000000000000000e-01 4.000000000000000777e-01 9.893999999999999462e-01
-1.500000000000000000e+00 4.500000000000000111e-01 2.630000000000000046e-02
-1.449999999999999956e+00 4.500000000000000111e-01 2.189999999999999933e-02
-1.399999999999999911e+00 4.500000000000000111e-01 1.640000000000000138e-02
-1.350000000000000089e+00 4.500000000000000111e-01 1.290000000000000001e-02
-1.300000000000000044e+00 4.500000000000000111e-01 1.349999999999999985e-02
-1.250000000000000000e+00 4.500000000000000111e-01 1.370000000000000037e-02
-1.199999999999999956e+00 4.500000000000000111e-01 1.959999999999999937e-02
-1.149999999999999911e+00 4.500000000000000111e-01 2.840000000000000163e-02
-1.100000000000000089e+00 4.500000000000000111e-01 5.500000000000000028e-02
-1.050000000000000044e+00 4.500000000000000111e-01 1.068999999999999950e-01
-1.000000000000000000e+00 4.500000000000000111e-01 1.814000000000000057e-01
-9.499999999999999556e-01 4.500000000000000111e-01 3.190000000000000058e-01
-8.999999999999999112e-01 4.500000000000000111e-01 4.778000000000000025e-01
-8.499999999999999778e-01 4.500000000000000111e-01 6.323999999999999622e-01
-7.999999999999999334e-01 4.500000000000000111e-01 7.582999999999999741e-01
-7.500000000000000000e-01 4.500000000000000111e-01 8.515000000000000346e-01
-6.999999999999999556e-01 4.500000000000000111e-01 9.068000000000000504e-01
-6.499999999999999112e-01 4.500000000000000111e-01 9.352000000000000313e-01
-5.999999999999999778e-01 4.500000000000000111e-01 9.554000000000000270e-01
-5.499999999999999334e-01 4.500000000000000111e-01 9.597999999999999865e-01
-5.000000000000000000e-01 4.500000000000000111e-01 9.663000000000000478e-01
-4.499999999999999556e-01 4.500000000000000111e-01 9.679999999999999716e-01
-3.999999999999999112e-01 4.500000000000000111e-01 9.714000000000000412e-01
-3.499999999999998668e-01 4.500000000000000111e-01 9.699999999999999734e-01
-2.999999999999998224e-01 4.500000000000000111e-01 9.708999999999999853e-01
-2.500000000000000000e-01 4.500000000000000111e-01 9.685000000000000275e-01
-1.999999999999999556e-01 4.500000000000000111e-01 9.667000000000000037e-01
-1.499999999999999112e-01 4.500000000000000111e-01 9.683000000000000496e-01
-9.999999999999986677e-02 4.500000000000000111e-01 9.668999999999999817e-01
-4.999999999999982236e-02 4.500000000000000111e-01 9.636000000000000121e-01
0.000000000000000000e+00 4.500000000000000111e-01 9.645000000000000240e-01
5.000000000000004441e-02 4.500000000000000111e-01 9.617999999999999883e-01
1.000000000000000888e-01 4.500000000000000111e-01 9.578999999999999737e-01
1.500000000000001332e-01 4.500000000000000111e-01 9.603000000000000425e-01
2.000000000000001776e-01 4.500000000000000111e-01 9.566000000000000059e-01
2.500000000000000000e-01 4.500000000000000111e-01 9.554000000000000270e-01
3.000000000000000444e-01 4.500000000000000111e-01 9.579999999999999627e-01
3.500000000000000888e-01 4.500000000000000111e-01 9.599999999999999645e-01
4.000000000000001332e-01 4.500000000000000111e-01 9.596000000000000085e-01
4.500000000000001776e-01 4.500000000000000111e-01 9.667999999999999927e-01
5.000000000000000000e-01 4.500000000000000111e-01 9.648999999999999799e-01
5.500000000000002665e-01 4.500000000000000111e-01 9.653000000000000469e-01
6.000000000000000888e-01 4.500000000000000111e-01 9.668999999999999817e-01
6.499999999999999112e-01 4.500000000000000111e-01 9.676000000000000156e-01
7.000000000000001776e-01 4.500000000000000111e-01 9.687000000000000055e-01
-1.500000000000000000e+00 5.000000000000000000e-01 3.389999999999999958e-02
-1.449999999999999956e+00 5.000000000000000000e-01 2.800000000000000058e-02
-1.399999999999999911e+00 5.000000000000000000e-01 1.820000000000000090e-02
-1.350000000000000089e+00 5.000000000000000000e-01 1.629999999999999852e-02
-1.300000000000000044e+00 5.000000000000000000e-01 1.379999999999999977e-02
-1.250000000000000000e+00 5.000000000000000000e-01 1.119999999999999989e-02
-1.199999999999999956e+00 5.000000000000000000e-01 1.409999999999999969e-02
-1.149999999999999911e+00 5.000000000000000000e-01 1.990000000000000102e-02
-1.100000000000000089e+00 5.000000000000000000e-01 3.729999999999999982e-02
-1.050000000000000044e+00 5.000000000000000000e-01 7.019999999999999851e-02
-1.000000000000000000e+00 5.000000000000000000e-01 1.439000000000000001e-01
-9.499999999999999556e-01 5.000000000000000000e-01 2.566999999999999837e-01
-8.999999999999999112e-01 5.000000000000000000e-01 4.344000000000000083e-01
-8.499999999999999778e-01 5.000000000000000000e-01 6.141999999999999682e-01
-7.999999999999999334e-01 5.000000000000000000e-01 7.507000000000000339e-01
-7.500000000000000000e-01 5.000000000000000000e-01 8.591999999999999638e-01
-6.999999999999999556e-01 5.000000000000000000e-01 9.147999999999999465e-01
-6.499999999999999112e-01 5.000000000000000000e-01 9.432000000000000384e-01
-5.999999999999999778e-01 5.000000000000000000e-01 9.586999999999999966e-01
-5.499999999999999334e-01 5.000000000000000000e-01 9.648999999999999799e-01
-5.000000000000000000e-01 5.000000000000000000e-01 9.665000000000000258e-01
-4.499999999999999556e-01 5.000000000000000000e-01 9.719999999999999751e-01
-3.999999999999999112e-01 5.000000000000000000e-01 9.689999999999999725e-01
-3.499999999999998668e-01 5.000000000000000000e-01 9.659999999999999698e-01
-2.999999999999998224e-01 5.000000000000000000e-01 9.675000000000000266e-01
-2.500000000000000000e-01 5.000000000000000000e-01 9.670999999999999597e-01
-1.999999999999999556e-01 5.000000000000000000e-01 9.689999999999999725e-01
-1.499999999999999112e-01 5.000000000000000000e-01 9.667000000000000037e-01
-9.999999999999986677e-02 5.000000000000000000e-01 9.658999999999999808e-01
-4.999999999999982236e-02 5.000000000000000000e-01 9.626000000000000112e-01
0.000000000000000000e+00 5.000000000000000000e-01 9.660999999999999588e-01
5.000000000000004441e-02 5.000000000000000000e-01 9.622000000000000552e-01
1.000000000000000888e-01 5.000000000000000000e-01 9.597999999999999865e-01
1.500000000000001332e-01 5.000000000000000000e-01 9.629999999999999671e-01
2.000000000000001776e-01 5.000000000000000000e-01 9.603000000000000425e-01
2.500000000000000000e-01 5.000000000000000000e-01 9.585000000000000187e-01
3.000000000000000444e-01 5.000000000000000000e-01 9.576999999999999957e-01
3.500000000000000888e-01 5.000000000000000000e-01 9.594000000000000306e-01
4.000000000000001332e-01 5.000000000000000000e-01 9.567999999999999838e-01
4.500000000000001776e-01 5.000000000000000000e-01 9.580999999999999517e-01
5.000000000000000000e-01 5.000000000000000000e-01 9.556000000000000050e-01
5.500000000000002665e-01 5.000000000000000000e-01 9.568999999999999728e-01
6.000000000000000888e-01 5.000000000000000000e-01 9.603000000000000425e-01
6.499999999999999112e-01 5.000000000000000000e-01 9.548999999999999710e-01
-1.500000000000000000e+00 5.500000000000000444e-01 4.939999999999999947e-02
-1.449999999999999956e+00 5.500000000000000444e-01 3.620000000000000301e-02
-1.399999999999999911e+00 5.500000000000000444e-01 2.380000000000000171e-02
-1.350000000000000089e+00 5.500000000000000444e-01 1.789999999999999925e-02
-1.300000000000000044e+00 5.500000000000000444e-01 1.069999999999999944e-02
-1.250000000000000000e+00 5.500000000000000444e-01 1.000000000000000021e-02
-1.199999999999999956e+00 5.500000000000000444e-01 1.200000000000000025e-02
-1.149999999999999911e+00 5.500000000000000444e-01 1.340000000000000045e-02
-1.100000000000000089e+00 5.500000000000000444e-01 2.129999999999999949e-02
-1.050000000000000044e+00 5.500000000000000444e-01 3.760000000000000148e-02
-1.000000000000000000e+00 5.500000000000000444e-01 8.669999999999999929e-02
-9.499999999999999556e-01 5.500000000000000444e-01 1.817999999999999894e-01
-8.999999999999999112e-01 5.500000000000000444e-01 3.405000000000000249e-01
-8.499999999999999778e-01 5.500000000000000444e-01 5.381000000000000227e-01
-7.999999999999999334e-01 5.500000000000000444e-01 7.130999999999999561e-01
-7.500000000000000000e-01 5.500000000000000444e-01 8.375000000000000222e-01
-6.999999999999999556e-01 5.500000000000000444e-01 9.093999999999999861e-01
-6.499999999999999112e-01 5.500000000000000444e-01 9.415000000000000036e-01
-5.999999999999999778e-01 5.500000000000000444e-01 9.560999999999999499e-01
-5.499999999999999334e-01 5.500000000000000444e-01 9.646000000000000130e-01
-5.000000000000000000e-01 5.500000000000000444e-01 9.695000000000000284e-01
-4.499999999999999556e-01 5.500000000000000444e-01 9.668999999999999817e-01
-3.999999999999999112e-01 5.500000000000000444e-01 9.727999999999999980e-01
-3.499999999999998668e-01 5.500000000000000444e-01 9.715000000000000302e-01
-2.999999999999998224e-01 5.500000000000000444e-01 9.653000000000000469e-01
-2.500000000000000000e-01 5.500000000000000444e-01 9.667999999999999927e-01
-1.999999999999999556e-01 5.500000000000000444e-01 9.684000000000000385e-01
-1.499999999999999112e-01 5.500000000000000444e-01 9.641999999999999460e-01
-9.999999999999986677e-02 5.500000000000000444e-01 9.668999999999999817e-01
-4.999999999999982236e-02 5.500000000000000444e-01 9.647000000000000020e-01
0.000000000000000000e+00 5.500000000000000444e-01 9.609999999999999654e-01
5.000000000000004441e-02 5.500000000000000444e-01 9.691999999999999504e-01
1.000000000000000888e-01 5.500000000000000444e-01 9.649999999999999689e-01
1.500000000000001332e-01 5.500000000000000444e-01 9.606999999999999984e-01
2.000000000000001776e-01 5.500000000000000444e-01 9.623000000000000442e-01
2.500000000000000000e-01 5.500000000000000444e-01 9.646000000000000130e-01
3.000000000000000444e-01 5.500000000000000444e-01 9.630999999999999561e-01
3.500000000000000888e-01 5.500000000000000444e-01 9.572000000000000508e-01
4.000000000000001332e-01 5.500000000000000444e-01 9.616999999999999993e-01
4.500000000000001776e-01 5.500000000000000444e-01 9.583000000000000407e-01
5.000000000000000000e-01 5.500000000000000444e-01 9.567999999999999838e-01
5.500000000000002665e-01 5.500000000000000444e-01 9.506999999999999895e-01
6.000000000000000888e-01 5.500000000000000444e-01 9.462000000000000410e-01
-1.500000000000000000e+00 6.000000000000000888e-01 7.439999999999999392e-02
-1.449999999999999956e+00 6.000000000000000888e-01 5.469999999999999862e-02
-1.399999999999999911e+00 6.000000000000000888e-01 3.130000000000000143e-02
-1.350000000000000089e+00 6.000000000000000888e-01 1.949999999999999997e-02
-1.300000000000000044e+00 6.000000000000000888e-01 1.370000000000000037e-02
-1.250000000000000000e+00 6.000000000000000888e-01 1.089999999999999997e-02
-1.199999999999999956e+00 6.000000000000000888e-01 1.099999999999999936e-02
-1.149999999999999911e+00 6.000000000000000888e-01 8.899999999999999925e-03
-1.100000000000000089e+00 6.000000000000000888e-01 1.480000000000000066e-02
-1.050000000000000044e+00 6.000000000000000888e-01 2.280000000000000082e-02
-1.000000000000000000e+00 6.000000000000000888e-01 4.490000000000000241e-02
-9.499999999999999556e-01 6.000000000000000888e-01 9.829999999999999849e-02
-8.999999999999999112e-01 6.000000000000000888e-01 2.102999999999999869e-01
-8.499999999999999778e-01 6.000000000000000888e-01 3.965000000000000191e-01
-7.999999999999999334e-01 6.000000000000000888e-01 6.066000000000000281e-01
-7.500000000000000000e-01 6.000000000000000888e-01 7.845999999999999641e-01
-6.999999999999999556e-01 6.000000000000000888e-01 8.862999999999999767e-01
-6.499999999999999112e-01 6.000000000000000888e-01 9.304000000000000048e-01
-5.999999999999999778e-01 6.000000000000000888e-01 9.533000000000000362e-01
-5.499999999999999334e-01 6.000000000000000888e-01 9.625000000000000222e-01
-5.000000000000000000e-01 6.000000000000000888e-01 9.633000000000000451e-01
-4.499999999999999556e-01 6.000000000000000888e-01 9.665000000000000258e-01
-3.999999999999999112e-01 6.000000000000000888e-01 9.678999999999999826e-01
-3.499999999999998668e-01 6.000000000000000888e-01 9.679999999999999716e-01
-2.999999999999998224e-01 6.000000000000000888e-01 9.681999999999999496e-01
-2.500000000000000000e-01 6.000000000000000888e-01 9.641999999999999460e-01
-1.999999999999999556e-01 6.000000000000000888e-01 9.689999999999999725e-01
-1.499999999999999112e-01 6.000000000000000888e-01 9.640999999999999570e-01
-9.999999999999986677e-02 6.000000000000000888e-01 9.697999999999999954e-01
-4.999999999999982236e-02 6.000000000000000888e-01 9.699999999999999734e-01
0.000000000000000000e+00 6.000000000000000888e-01 9.674000000000000377e-01
5.000000000000004441e-02 6.000000000000000888e-01 9.695000000000000284e-01
1.000000000000000888e-01 6.000000000000000888e-01 9.649999999999999689e-01
1.500000000000001332e-01 6.000000000000000888e-01 9.703000000000000513e-01
2.000000000000001776e-01 6.000000000000000888e-01 9.683000000000000496e-01
2.500000000000000000e-01 6.000000000000000888e-01 9.671999999999999487e-01
3.000000000000000444e-01 6.000000000000000888e-01 9.661999999999999478e-01
3.500000000000000888e-01 6.000000000000000888e-01 9.651999999999999469e-01
4.000000000000001332e-01 6.000000000000000888e-01 9.635000000000000231e-01
4.500000000000001776e-01 6.000000000000000888e-01 9.557999999999999829e-01
5.000000000000000000e-01 6.000000000000000888e-01 9.552000000000000490e-01
5.500000000000002665e-01 6.000000000000000888e-01 9.524000000000000243e-01
-1.500000000000000000e+00 6.500000000000001332e-01 9.869999999999999607e-02
-1.449999999999999956e+00 6.500000000000001332e-01 7.729999999999999372e-02
-1.399999999999999911e+00 6.500000000000001332e-01 4.859999999999999737e-02
-1.350000000000000089e+00 6.500000000000001332e-01 2.939999999999999905e-02
-1.300000000000000044e+00 6.500000000000001332e-01 1.720000000000000001e-02
-1.250000000000000000e+00 6.500000000000001332e-01 1.099999999999999936e-02
-1.199999999999999956e+00 6.500000000000001332e-01 7.900000000000000772e-03
-1.149999999999999911e+00 6.500000000000001332e-01 7.499999999999999722e-03
-1.100000000000000089e+00 6.500000000000001332e-01 8.200000000000000691e-03
-1.050000000000000044e+00 6.500000000000001332e-01 1.239999999999999956e-02
-1.000000000000000000e+00 6.500000000000001332e-01 1.969999999999999876e-02
-9.499999999999999556e-01 6.500000000000001332e-01 4.340000000000000108e-02
-8.999999999999999112e-01 6.500000000000001332e-01 9.750000000000000333e-02
-8.499999999999999778e-01 6.500000000000001332e-01 2.257000000000000117e-01
-7.999999999999999334e-01 6.500000000000001332e-01 4.359000000000000097e-01
-7.500000000000000000e-01 6.500000000000001332e-01 6.544999999999999707e-01
-6.999999999999999556e-01 6.500000000000001332e-01 8.142000000000000348e-01
-6.499999999999999112e-01 6.500000000000001332e-01 9.086999999999999522e-01
-5.999999999999999778e-01 6.500000000000001332e-01 9.416999999999999815e-01
-5.499999999999999334e-01 6.500000000000001332e-01 9.579999999999999627e-01
-5.000000000000000000e-01 6.500000000000001332e-01 9.617999999999999883e-01
-4.499999999999999556e-01 6.500000000000001332e-01 9.677000000000000046e-01
-3.999999999999999112e-01 6.500000000000001332e-01 9.698999999999999844e-01
-3.499999999999998668e-01 6.500000000000001332e-01 9.680999999999999606e-01
-2.999999999999998224e-01 6.500000000000001332e-01 9.703000000000000513e-01
-2.500000000000000000e-01 6.500000000000001332e-01 9.675000000000000266e-01
-1.999999999999999556e-01 6.500000000000001332e-01 9.718999999999999861e-01
-1.499999999999999112e-01 6.500000000000001332e-01 9.741999999999999549e-01
-9.999999999999986677e-02 6.500000000000001332e-01 9.707000000000000073e-01
-4.999999999999982236e-02 6.500000000000001332e-01 9.716000000000000192e-01
0.000000000000000000e+00 6.500000000000001332e-01 9.703000000000000513e-01
5.000000000000004441e-02 6.500000000000001332e-01 9.693000000000000504e-01
1.000000000000000888e-01 6.500000000000001332e-01 9.708999999999999853e-01
1.500000000000001332e-01 6.500000000000001332e-01 9.699999999999999734e-01
2.000000000000001776e-01 6.500000000000001332e-01 9.689999999999999725e-01
2.500000000000000000e-01 6.500000000000001332e-01 9.711999999999999522e-01
3.000000000000000444e-01 6.500000000000001332e-01 9.677999999999999936e-01
3.500000000000000888e-01 6.500000000000001332e-01 9.660999999999999588e-01
4.000000000000001332e-01 6.500000000000001332e-01 9.627999999999999892e-01
4.500000000000001776e-01 6.500000000000001332e-01 9.598999999999999755e-01
5.000000000000000000e-01 6.500000000000001332e-01 9.556000000000000050e-01
-1.500000000000000000e+00 6.999999999999999556e-01 1.479000000000000037e-01
-1.449999999999999956e+00 6.999999999999999556e-01 1.050999999999999990e-01
-1.399999999999999911e+00 6.999999999999999556e-01 7.090000000000000469e-02
-1.350000000000000089e+00 6.999999999999999556e-01 4.630000000000000088e-02
-1.300000000000000044e+00 6.999999999999999556e-01 2.450000000000000094e-02
-1.250000000000000000e+00 6.999999999999999556e-01 1.280000000000000061e-02
-1.199999999999999956e+00 6.999999999999999556e-01 7.199999999999999803e-03
-1.149999999999999911e+00 6.999999999999999556e-01 5.599999999999999943e-03
-1.100000000000000089e+00 6.999999999999999556e-01 4.899999999999999842e-03
-1.050000000000000044e+00 6.999999999999999556e-01 6.599999999999999964e-03
-1.000000000000000000e+00 6.999999999999999556e-01 1.020000000000000073e-02
-9.499999999999999556e-01 6.999999999999999556e-01 1.689999999999999836e-02
-8.999999999999999112e-01 6.999999999999999556e-01 3.300000000000000155e-02
-8.499999999999999778e-01 6.999999999999999556e-01 8.010000000000000453e-02
-7.999999999999999334e-01 6.999999999999999556e-01 2.008000000000000063e-01
-7.500000000000000000e-01 6.999999999999999556e-01 4.091000000000000192e-01
-6.999999999999999556e-01 6.999999999999999556e-01 6.501000000000000112e-01
-6.499999999999999112e-01 6.999999999999999556e-01 8.185000000000000053e-01
-5.999999999999999778e-01 6.999999999999999556e-01 9.014999999999999680e-01
-5.499999999999999334e-01 6.999999999999999556e-01 9.435000000000000053e-01
-5.000000000000000000e-01 6.999999999999999556e-01 9.568999999999999728e-01
-4.499999999999999556e-01 6.999999999999999556e-01 9.625000000000000222e-01
-3.999999999999999112e-01 6.999999999999999556e-01 9.678999999999999826e-01
-3.499999999999998668e-01 6.999999999999999556e-01 9.695000000000000284e-01
-2.999999999999998224e-01 6.999999999999999556e-01 9.699999999999999734e-01
-2.500000000000000000e-01 6.999999999999999556e-01 9.719999999999999751e-01
-1.999999999999999556e-01 6.999999999999999556e-01 9.709999999999999742e-01
-1.499999999999999112e-01 6.999999999999999556e-01 9.743000000000000549e-01
-9.999999999999986677e-02 6.999999999999999556e-01 9.754000000000000448e-01
-4.999999999999982236e-02 6.999999999999999556e-01 9.727999999999999980e-01
0.000000000000000000e+00 6.999999999999999556e-01 9.734000000000000430e-01
5.000000000000004441e-02 6.999999999999999556e-01 9.736000000000000210e-01
1.000000000000000888e-01 6.999999999999999556e-01 9.735000000000000320e-01
1.500000000000001332e-01 6.999999999999999556e-01 9.737999999999999989e-01
2.000000000000001776e-01 6.999999999999999556e-01 9.748999999999999888e-01
2.500000000000000000e-01 6.999999999999999556e-01 9.721999999999999531e-01
3.000000000000000444e-01 6.999999999999999556e-01 9.696000000000000174e-01
3.500000000000000888e-01 6.999999999999999556e-01 9.676000000000000156e-01
4.000000000000001332e-01 6.999999999999999556e-01 9.655000000000000249e-01
4.500000000000001776e-01 6.999999999999999556e-01 9.598999999999999755e-01
-1.500000000000000000e+00 7.500000000000000000e-01 1.938000000000000000e-01
-1.449999999999999956e+00 7.500000000000000000e-01 1.451000000000000068e-01
-1.399999999999999911e+00 7.500000000000000000e-01 1.049999999999999961e-01
-1.350000000000000089e+00 7.500000000000000000e-01 6.389999999999999847e-02
-1.300000000000000044e+00 7.500000000000000000e-01 3.470000000000000168e-02
-1.250000000000000000e+00 7.500000000000000000e-01 1.710000000000000062e-02
-1.199999999999999956e+00 7.500000000000000000e-01 7.100000000000000408e-03
-1.149999999999999911e+00 7.500000000000000000e-01 3.599999999999999901e-03
-1.100000000000000089e+00 7.500000000000000000e-01 2.899999999999999800e-03
-1.050000000000000044e+00 7.500000000000000000e-01 3.299999999999999982e-03
-1.000000000000000000e+00 7.500000000000000000e-01 7.100000000000000408e-03
-9.499999999999999556e-01 7.500000000000000000e-01 9.799999999999999684e-03
-8.999999999999999112e-01 7.500000000000000000e-01 1.439999999999999961e-02
-8.499999999999999778e-01 7.500000000000000000e-01 2.709999999999999909e-02
-7.999999999999999334e-01 7.500000000000000000e-01 6.099999999999999867e-02
-7.500000000000000000e-01 7.500000000000000000e-01 1.522000000000000020e-01
-6.999999999999999556e-01 7.500000000000000000e-01 3.469999999999999751e-01
-6.499999999999999112e-01 7.500000000000000000e-01 5.938999999999999835e-01
-5.999999999999999778e-01 7.500000000000000000e-01 7.895999999999999686e-01
-5.499999999999999334e-01 7.500000000000000000e-01 8.981000000000000094e-01
-5.000000000000000000e-01 7.500000000000000000e-01 9.344000000000000083e-01
-4.499999999999999556e-01 7.500000000000000000e-01 9.517999999999999794e-01
-3.999999999999999112e-01 7.500000000000000000e-01 9.607999999999999874e-01
-3.499999999999998668e-01 7.500000000000000000e-01 9.656000000000000139e-01
-2.999999999999998224e-01 7.500000000000000000e-01 9.700999999999999623e-01
-2.500000000000000000e-01 7.500000000000000000e-01 9.708999999999999853e-01
-1.999999999999999556e-01 7.500000000000000000e-01 9.700999999999999623e-01
-1.499999999999999112e-01 7.500000000000000000e-01 9.739999999999999769e-01
-9.999999999999986677e-02 7.500000000000000000e-01 9.729999999999999760e-01
-4.999999999999982236e-02 7.500000000000000000e-01 9.730999999999999650e-01
0.000000000000000000e+00 7.500000000000000000e-01 9.737000000000000099e-01
5.000000000000004441e-02 7.500000000000000000e-01 9.725000000000000311e-01
1.000000000000000888e-01 7.500000000000000000e-01 9.745000000000000329e-01
1.500000000000001332e-01 7.500000000000000000e-01 9.747000000000000108e-01
2.000000000000001776e-01 7.500000000000000000e-01 9.739999999999999769e-01
2.500000000000000000e-01 7.500000000000000000e-01 9.698999999999999844e-01
3.000000000000000444e-01 7.500000000000000000e-01 9.649999999999999689e-01
3.500000000000000888e-01 7.500000000000000000e-01 9.656000000000000139e-01
-1.500000000000000000e+00 8.000000000000000444e-01 2.245999999999999941e-01
-1.449999999999999956e+00 8.000000000000000444e-01 1.910000000000000031e-01
-1.399999999999999911e+00 8.000000000000000444e-01 1.441999999999999948e-01
-1.350000000000000089e+00 8.000000000000000444e-01 8.599999999999999312e-02
-1.300000000000000044e+00 8.000000000000000444e-01 5.029999999999999749e-02
-1.250000000000000000e+00 8.000000000000000444e-01 2.230000000000000038e-02
-1.199999999999999956e+00 8.000000000000000444e-01 8.099999999999999561e-03
-1.149999999999999911e+00 8.000000000000000444e-01 3.399999999999999811e-03
-1.100000000000000089e+00 8.000000000000000444e-01 2.000000000000000042e-03
-1.050000000000000044e+00 8.000000000000000444e-01 1.899999999999999996e-03
-1.000000000000000000e+00 8.000000000000000444e-01 3.099999999999999891e-03
-9.499999999999999556e-01 8.000000000000000444e-01 4.599999999999999922e-03
-8.999999999999999112e-01 8.000000000000000444e-01 9.299999999999999239e-03
-8.499999999999999778e-01 8.000000000000000444e-01 1.760000000000000106e-02
-7.999999999999999334e-01 8.000000000000000444e-01 2.479999999999999913e-02
-7.500000000000000000e-01 8.000000000000000444e-01 4.599999999999999922e-02
-6.999999999999999556e-01 8.000000000000000444e-01 9.990000000000000269e-02
-6.499999999999999112e-01 8.000000000000000444e-01 2.474000000000000088e-01
-5.999999999999999778e-01 8.000000000000000444e-01 4.828000000000000069e-01
-5.499999999999999334e-01 8.000000000000000444e-01 7.145000000000000240e-01
-5.000000000000000000e-01 8.000000000000000444e-01 8.620999999999999774e-01
-4.499999999999999556e-01 8.000000000000000444e-01 9.211000000000000298e-01
-3.999999999999999112e-01 8.000000000000000444e-01 9.482000000000000428e-01
-3.499999999999998668e-01 8.000000000000000444e-01 9.588999999999999746e-01
-2.999999999999998224e-01 8.000000000000000444e-01 9.661999999999999478e-01
-2.500000000000000000e-01 8.000000000000000444e-01 9.704000000000000403e-01
-1.999999999999999556e-01 8.000000000000000444e-01 9.709999999999999742e-01
-1.499999999999999112e-01 8.000000000000000444e-01 9.710999999999999632e-01
-9.999999999999986677e-02 8.000000000000000444e-01 9.711999999999999522e-01
-4.999999999999982236e-02 8.000000000000000444e-01 9.756000000000000227e-01
0.000000000000000000e+00 8.000000000000000444e-01 9.720999999999999641e-01
5.000000000000004441e-02 8.000000000000000444e-01 9.756000000000000227e-01
1.000000000000000888e-01 8.000000000000000444e-01 9.717000000000000082e-01
1.500000000000001332e-01 8.000000000000000444e-01 9.711999999999999522e-01
2.000000000000001776e-01 8.000000000000000444e-01 9.694000000000000394e-01
-1.500000000000000000e+00 8.500000000000000888e-01 2.812000000000000055e-01
-1.449999999999999956e+00 8.500000000000000888e-01 2.330000000000000127e-01
-1.399999999999999911e+00 8.500000000000000888e-01 1.867000000000000048e-01
-1.350000000000000089e+00 8.500000000000000888e-01 1.223999999999999949e-01
-1.300000000000000044e+00 8.500000000000000888e-01 6.489999999999999936e-02
-1.250000000000000000e+00 8.500000000000000888e-01 2.699999999999999969e-02
-1.199999999999999956e+00 8.500000000000000888e-01 1.039999999999999952e-02
-1.149999999999999911e+00 8.500000000000000888e-01 3.599999999999999901e-03
-1.100000000000000089e+00 8.500000000000000888e-01 2.099999999999999870e-03
-1.050000000000000044e+00 8.500000000000000888e-01 5.999999999999999474e-04
-1.000000000000000000e+00 8.500000000000000888e-01 1.600000000000000077e-03
-9.499999999999999556e-01 8.500000000000000888e-01 3.500000000000000073e-03
-8.999999999999999112e-01 8.500000000000000888e-01 5.300000000000000024e-03
-8.499999999999999778e-01 8.500000000000000888e-01 1.170000000000000033e-02
-7.999999999999999334e-01 8.500000000000000888e-01 1.720000000000000001e-02
-7.500000000000000000e-01 8.500000000000000888e-01 2.330000000000000127e-02
-6.999999999999999556e-01 8.500000000000000888e-01 3.559999999999999970e-02
-6.499999999999999112e-01 8.500000000000000888e-01 6.560000000000000553e-02
-5.999999999999999778e-01 8.500000000000000888e-01 1.378000000000000058e-01
-5.499999999999999334e-01 8.500000000000000888e-01 3.401000000000000134e-01
-5.000000000000000000e-01 8.500000000000000888e-01 5.862000000000000544e-01
-4.499999999999999556e-01 8.500000000000000888e-01 7.783999999999999808e-01
-3.999999999999999112e-01 8.500000000000000888e-01 8.925999999999999490e-01
-3.499999999999998668e-01 8.500000000000000888e-01 9.308999999999999497e-01
-2.999999999999998224e-01 8.500000000000000888e-01 9.519999999999999574e-01
-2.500000000000000000e-01 8.500000000000000888e-01 9.630999999999999561e-01
-1.999999999999999556e-01 8.500000000000000888e-01 9.676000000000000156e-01
-1.499999999999999112e-01 8.500000000000000888e-01 9.699999999999999734e-01
-9.999999999999986677e-02 8.500000000000000888e-01 9.717000000000000082e-01
-4.999999999999982236e-02 8.500000000000000888e-01 9.703000000000000513e-01
0.000000000000000000e+00 8.500000000000000888e-01 9.720999999999999641e-01
-1.500000000000000000e+00 9.000000000000001332e-01 2.998999999999999999e-01
-1.449999999999999956e+00 9.000000000000001332e-01 2.681000000000000050e-01
-1.399999999999999911e+00 9.000000000000001332e-01 2.147999999999999909e-01
-1.350000000000000089e+00 9.000000000000001332e-01 1.524000000000000077e-01
-1.300000000000000044e+00 9.000000000000001332e-01 9.059999999999999998e-02
-1.250000000000000000e+00 9.000000000000001332e-01 4.920000000000000068e-02
-1.199999999999999956e+00 9.000000000000001332e-01 1.540000000000000049e-02
-1.149999999999999911e+00 9.000000000000001332e-01 4.499999999999999660e-03
-1.100000000000000089e+00 9.000000000000001332e-01 1.399999999999999986e-03
-1.050000000000000044e+00 9.000000000000001332e-01 6.999999999999999929e-04
-1.000000000000000000e+00 9.000000000000001332e-01 6.999999999999999929e-04
-9.499999999999999556e-01 9.000000000000001332e-01 1.199999999999999895e-03
-8.999999999999999112e-01 9.000000000000001332e-01 3.399999999999999811e-03
-8.499999999999999778e-01 9.000000000000001332e-01 6.400000000000000307e-03
-7.999999999999999334e-01 9.000000000000001332e-01 1.119999999999999989e-02
-7.500000000000000000e-01 9.000000000000001332e-01 1.870000000000000134e-02
-6.999999999999999556e-01 9.000000000000001332e-01 2.800000000000000058e-02
-6.499999999999999112e-01 9.000000000000001332e-01 3.799999999999999906e-02
-5.999999999999999778e-01 9.000000000000001332e-01 5.340000000000000302e-02
-5.499999999999999334e-01 9.000000000000001332e-01 9.439999999999999780e-02
-5.000000000000000000e-01 9.000000000000001332e-01 2.079999999999999905e-01
-4.499999999999999556e-01 9.000000000000001332e-01 4.082000000000000073e-01
-3.999999999999999112e-01 9.000000000000001332e-01 6.332999999999999741e-01
-3.499999999999998668e-01 9.000000000000001332e-01 8.031000000000000361e-01
-2.999999999999998224e-01 9.000000000000001332e-01 8.881000000000000005e-01
-1.449999999999999956e+00 9.500000000000001776e-01 3.004000000000000004e-01
-1.399999999999999911e+00 9.500000000000001776e-01 2.449000000000000066e-01
-1.350000000000000089e+00 9.500000000000001776e-01 1.804000000000000048e-01
-1.300000000000000044e+00 9.500000000000001776e-01 1.203000000000000042e-01
-1.250000000000000000e+00 9.500000000000001776e-01 6.560000000000000553e-02
-1.199999999999999956e+00 9.500000000000001776e-01 2.620000000000000107e-02
-1.149999999999999911e+00 9.500000000000001776e-01 6.700000000000000226e-03
-1.100000000000000089e+00 9.500000000000001776e-01 2.099999999999999870e-03
-1.050000000000000044e+00 9.500000000000001776e-01 2.000000000000000096e-04
-1.000000000000000000e+00 9.500000000000001776e-01 2.999999999999999737e-04
-9.499999999999999556e-01 9.500000000000001776e-01 2.999999999999999737e-04
-8.999999999999999112e-01 9.500000000000001776e-01 1.199999999999999895e-03
-8.499999999999999778e-01 9.500000000000001776e-01 3.599999999999999901e-03
-7.999999999999999334e-01 9.500000000000001776e-01 6.700000000000000226e-03
-7.500000000000000000e-01 9.500000000000001776e-01 1.250000000000000069e-02
-6.999999999999999556e-01 9.500000000000001776e-01 1.810000000000000150e-02
-6.499999999999999112e-01 9.500000000000001776e-01 3.259999999999999704e-02
-5.999999999999999778e-01 9.500000000000001776e-01 3.919999999999999873e-02
-5.499999999999999334e-01 9.500000000000001776e-01 5.840000000000000052e-02
-5.000000000000000000e-01 9.500000000000001776e-01 7.169999999999999984e-02
-4.499999999999999556e-01 9.500000000000001776e-01 1.204999999999999960e-01
-3.999999999999999112e-01 9.500000000000001776e-01 2.515000000000000013e-01
-3.499999999999998668e-01 9.500000000000001776e-01 4.672000000000000042e-01
-1.449999999999999956e+00 1.000000000000000222e+00 3.141999999999999793e-01
-1.399999999999999911e+00 1.000000000000000222e+00 2.782000000000000028e-01
-1.350000000000000089e+00 1.000000000000000222e+00 2.222000000000000086e-01
-1.300000000000000044e+00 1.000000000000000222e+00 1.554999999999999993e-01
-1.250000000000000000e+00 1.000000000000000222e+00 8.379999999999999949e-02
-1.199999999999999956e+00 1.000000000000000222e+00 4.019999999999999962e-02
-1.149999999999999911e+00 1.000000000000000222e+00 1.200000000000000025e-02
-1.100000000000000089e+00 1.000000000000000222e+00 2.799999999999999972e-03
-1.050000000000000044e+00 1.000000000000000222e+00 5.999999999999999474e-04
-1.000000000000000000e+00 1.000000000000000222e+00 2.999999999999999737e-04
-9.499999999999999556e-01 1.000000000000000222e+00 0.000000000000000000e+00
-8.999999999999999112e-01 1.000000000000000222e+00 1.000000000000000048e-04
-8.499999999999999778e-01 1.000000000000000222e+00 5.999999999999999474e-04
-7.999999999999999334e-01 1.000000000000000222e+00 3.399999999999999811e-03
-7.500000000000000000e-01 1.000000000000000222e+00 6.400000000000000307e-03
-6.999999999999999556e-01 1.000000000000000222e+00 1.379999999999999977e-02
-6.499999999999999112e-01 1.000000000000000222e+00 2.380000000000000171e-02
-5.999999999999999778e-01 1.000000000000000222e+00 3.269999999999999990e-02
-5.499999999999999334e-01 1.000000000000000222e+00 4.469999999999999668e-02
-5.000000000000000000e-01 1.000000000000000222e+00 5.399999999999999939e-02
-4.499999999999999556e-01 1.000000000000000222e+00 6.410000000000000420e-02
-3.999999999999999112e-01 1.000000000000000222e+00 8.260000000000000675e-02
-1.399999999999999911e+00 1.050000000000000044e+00 2.897000000000000131e-01
-1.350000000000000089e+00 1.050000000000000044e+00 2.341000000000000025e-01
-1.300000000000000044e+00 1.050000000000000044e+00 1.759000000000000008e-01
-1.250000000000000000e+00 1.050000000000000044e+00 1.126999999999999946e-01
-1.199999999999999956e+00 1.050000000000000044e+00 5.140000000000000124e-02
-1.149999999999999911e+00 1.050000000000000044e+00 2.409999999999999989e-02
-1.100000000000000089e+00 1.050000000000000044e+00 5.400000000000000286e-03
-1.050000000000000044e+00 1.050000000000000044e+00 8.999999999999999754e-04
-1.000000000000000000e+00 1.050000000000000044e+00 5.999999999999999474e-04
-9.499999999999999556e-01 1.050000000000000044e+00 2.000000000000000096e-04
-8.999999999999999112e-01 1.050000000000000044e+00 2.000000000000000096e-04
-8.499999999999999778e-01 1.050000000000000044e+00 5.000000000000000104e-04
-7.999999999999999334e-01 1.050000000000000044e+00 8.999999999999999754e-04
-7.500000000000000000e-01 1.050000000000000044e+00 3.899999999999999821e-03
-6.999999999999999556e-01 1.050000000000000044e+00 6.499999999999999702e-03
-6.499999999999999112e-01 1.050000000000000044e+00 1.280000000000000061e-02
-5.999999999999999778e-01 1.050000000000000044e+00 2.110000000000000070e-02
-5.499999999999999334e-01 1.050000000000000044e+00 3.679999999999999938e-02
-5.000000000000000000e-01 1.050000000000000044e+00 4.370000000000000273e-02
-4.499999999999999556e-01 1.050000000000000044e+00 4.870000000000000023e-02
-3.999999999999999112e-01 1.050000000000000044e+00 4.870000000000000023e-02
-3.499999999999998668e-01 1.050000000000000044e+00 5.840000000000000052e-02
-1.399999999999999911e+00 1.100000000000000089e+00 2.923999999999999932e-01
-1.350000000000000089e+00 1.100000000000000089e+00 2.595000000000000084e-01
-1.300000000000000044e+00 1.100000000000000089e+00 2.026000000000000023e-01
-1.250000000000000000e+00 1.100000000000000089e+00 1.360000000000000098e-01
-1.199999999999999956e+00 1.100000000000000089e+00 8.010000000000000453e-02
-1.149999999999999911e+00 1.100000000000000089e+00 3.710000000000000103e-02
-1.100000000000000089e+00 1.100000000000000089e+00 1.050000000000000065e-02
-1.050000000000000044e+00 1.100000000000000089e+00 3.799999999999999992e-03
-1.000000000000000000e+00 1.100000000000000089e+00 8.000000000000000383e-04
-9.499999999999999556e-01 1.100000000000000089e+00 1.000000000000000048e-04
-8.999999999999999112e-01 1.100000000000000089e+00 0.000000000000000000e+00
-8.499999999999999778e-01 1.100000000000000089e+00 1.000000000000000048e-04
-7.999999999999999334e-01 1.100000000000000089e+00 4.000000000000000192e-04
-7.500000000000000000e-01 1.100000000000000089e+00 1.000000000000000021e-03
-6.999999999999999556e-01 1.100000000000000089e+00 3.299999999999999982e-03
-6.499999999999999112e-01 1.100000000000000089e+00 9.299999999999999239e-03
-5.999999999999999778e-01 1.100000000000000089e+00 1.499999999999999944e-02
-5.499999999999999334e-01 1.100000000000000089e+00 2.359999999999999945e-02
-5.000000000000000000e-01 1.100000000000000089e+00 2.549999999999999836e-02
-4.499999999999999556e-01 1.100000000000000089e+00 2.829999999999999877e-02
-3.999999999999999112e-01 1.100000000000000089e+00 2.759999999999999953e-02
-3.499999999999998668e-01 1.100000000000000089e+00 2.970000000000000070e-02
-1.350000000000000089e+00 1.150000000000000133e+00 2.684000000000000274e-01
-1.300000000000000044e+00 1.150000000000000133e+00 2.290999999999999981e-01
-1.250000000000000000e+00 1.150000000000000133e+00 1.739999999999999880e-01
-1.199999999999999956e+00 1.150000000000000133e+00 1.071000000000000008e-01
-1.149999999999999911e+00 1.150000000000000133e+00 5.510000000000000314e-02
-1.100000000000000089e+00 1.150000000000000133e+00 2.129999999999999949e-02
-1.050000000000000044e+00 1.150000000000000133e+00 7.000000000000000146e-03
-1.000000000000000000e+00 1.150000000000000133e+00 2.099999999999999870e-03
-9.499999999999999556e-01 1.150000000000000133e+00 1.100000000000000066e-03
-8.999999999999999112e-01 1.150000000000000133e+00 0.000000000000000000e+00
-8.499999999999999778e-01 1.150000000000000133e+00 0.000000000000000000e+00
-7.999999999999999334e-01 1.150000000000000133e+00 2.000000000000000096e-04
-7.500000000000000000e-01 1.150000000000000133e+00 5.000000000000000104e-04
-6.999999999999999556e-01 1.150000000000000133e+00 2.000000000000000042e-03
-6.499999999999999112e-01 1.150000000000000133e+00 3.799999999999999992e-03
-5.999999999999999778e-01 1.150000000000000133e+00 7.000000000000000146e-03
-5.499999999999999334e-01 1.150000000000000133e+00 8.699999999999999400e-03
-5.000000000000000000e-01 1.150000000000000133e+00 9.100000000000000450e-03
-4.499999999999999556e-01 1.150000000000000133e+00 7.900000000000000772e-03
-3.999999999999999112e-01 1.150000000000000133e+00 5.899999999999999863e-03
-3.499999999999998668e-01 1.150000000000000133e+00 6.700000000000000226e-03
-2.999999999999998224e-01 1.150000000000000133e+00 7.300000000000000065e-03
-1.300000000000000044e+00 1.200000000000000178e+00 2.470999999999999863e-01
-1.250000000000000000e+00 1.200000000000000178e+00 1.912999999999999978e-01
-1.199999999999999956e+00 1.200000000000000178e+00 1.386000000000000010e-01
-1.149999999999999911e+00 1.200000000000000178e+00 8.150000000000000300e-02
-1.100000000000000089e+00 1.200000000000000178e+00 3.839999999999999664e-02
-1.050000000000000044e+00 1.200000000000000178e+00 1.450000000000000074e-02
-1.000000000000000000e+00 1.200000000000000178e+00 4.799999999999999580e-03
-9.499999999999999556e-01 1.200000000000000178e+00 8.000000000000000383e-04
-8.999999999999999112e-01 1.200000000000000178e+00 1.000000000000000048e-04
-8.499999999999999778e-01 1.200000000000000178e+00 0.000000000000000000e+00
-7.999999999999999334e-01 1.200000000000000178e+00 0.000000000000000000e+00
-7.500000000000000000e-01 1.200000000000000178e+00 1.000000000000000048e-04
-6.999999999999999556e-01 1.200000000000000178e+00 5.999999999999999474e-04
-6.499999999999999112e-01 1.200000000000000178e+00 1.000000000000000021e-03
-5.999999999999999778e-01 1.200000000000000178e+00 2.200000000000000133e-03
-5.499999999999999334e-01 1.200000000000000178e+00 3.399999999999999811e-03
-5.000000000000000000e-01 1.200000000000000178e+00 1.100000000000000066e-03
-4.499999999999999556e-01 1.200000000000000178e+00 5.000000000000000104e-04
-3.999999999999999112e-01 1.200000000000000178e+00 2.999999999999999737e-04
-3.499999999999998668e-01 1.200000000000000178e+00 4.000000000000000192e-04
-2.999999999999998224e-01 1.200000000000000178e+00 5.999999999999999474e-04
-2.500000000000000000e-01 1.200000000000000178e+00 2.500000000000000052e-03
-1.300000000000000044e+00 1.250000000000000222e+00 2.590000000000000080e-01
-1.250000000000000000e+00 1.250000000000000222e+00 2.200999999999999901e-01
-1.199999999999999956e+00 1.250000000000000222e+00 1.635999999999999954e-01
-1.149999999999999911e+00 1.250000000000000222e+00 1.115000000000000019e-01
-1.100000000000000089e+00 1.250000000000000222e+00 6.310000000000000331e-02
-1.050000000000000044e+00 1.250000000000000222e+00 2.960000000000000131e-02
-1.000000000000000000e+00 1.250000000000000222e+00 1.009999999999999960e-02
-9.499999999999999556e-01 1.250000000000000222e+00 2.899999999999999800e-03
-8.999999999999999112e-01 1.250000000000000222e+00 1.100000000000000066e-03
-8.499999999999999778e-01 1.250000000000000222e+00 2.000000000000000096e-04
-7.999999999999999334e-01 1.250000000000000222e+00 2.000000000000000096e-04
-7.500000000000000000e-01 1.250000000000000222e+00 1.000000000000000048e-04
-6.999999999999999556e-01 1.250000000000000222e+00 5.999999999999999474e-04
-6.499999999999999112e-01 1.250000000000000222e+00 2.000000000000000096e-04
-5.999999999999999778e-01 1.250000000000000222e+00 0.000000000000000000e+00
-5.499999999999999334e-01 1.250000000000000222e+00 0.000000000000000000e+00
-5.000000000000000000e-01 1.250000000000000222e+00 0.000000000000000000e+00
-4.499999999999999556e-01 1.250000000000000222e+00 1.000000000000000048e-04
-3.999999999999999112e-01 1.250000000000000222e+00 0.000000000000000000e+00
-3.499999999999998668e-01 1.250000000000000222e+00 0.000000000000000000e+00
-2.999999999999998224e-01 1.250000000000000222e+00 1.000000000000000048e-04
-2.500000000000000000e-01 1.250000000000000222e+00 1.199999999999999895e-03
-1.999999999999999556e-01 1.250000000000000222e+00 2.799999999999999972e-03
-1.250000000000000000e+00 1.300000000000000044e+00 2.384000000000000008e-01
-1.199999999999999956e+00 1.300000000000000044e+00 1.915999999999999925e-01
-1.149999999999999911e+00 1.300000000000000044e+00 1.423999999999999988e-01
-1.100000000000000089e+00 1.300000000000000044e+00 9.470000000000000639e-02
-1.050000000000000044e+00 1.300000000000000044e+00 5.670000000000000040e-02
-1.000000000000000000e+00 1.300000000000000044e+00 2.369999999999999885e-02
-9.499999999999999556e-01 1.300000000000000044e+00 8.000000000000000167e-03
-8.999999999999999112e-01 1.300000000000000044e+00 2.099999999999999870e-03
-8.499999999999999778e-01 1.300000000000000044e+00 5.000000000000000104e-04
-7.999999999999999334e-01 1.300000000000000044e+00 2.999999999999999737e-04
-7.500000000000000000e-01 1.300000000000000044e+00 2.000000000000000096e-04
-6.999999999999999556e-01 1.300000000000000044e+00 0.000000000000000000e+00
-6.499999999999999112e-01 1.300000000000000044e+00 0.000000000000000000e+00
-5.999999999999999778e-01 1.300000000000000044e+00 0.000000000000000000e+00
-5.499999999999999334e-01 1.300000000000000044e+00 0.000000000000000000e+00
-5.000000000000000000e-01 1.300000000000000044e+00 0.000000000000000000e+00
-4.499999999999999556e-01 1.300000000000000044e+00 0.000000000000000000e+00
-3.999999999999999112e-01 1.300000000000000044e+00 0.000000000000000000e+00
-3.499999999999998668e-01 1.300000000000000044e+00 0.000000000000000000e+00
-2.999999999999998224e-01 1.300000000000000044e+00 0.000000000000000000e+00
-2.500000000000000000e-01 1.300000000000000044e+00 8.999999999999999754e-04
-1.999999999999999556e-01 1.300000000000000044e+00 3.299999999999999982e-03
-1.199999999999999956e+00 1.350000000000000089e+00 2.049999999999999878e-01
-1.149999999999999911e+00 1.350000000000000089e+00 1.733999999999999986e-01
-1.100000000000000089e+00 1.350000000000000089e+00 1.318999999999999895e-01
-1.050000000000000044e+00 1.350000000000000089e+00 8.169999999999999485e-02
-1.000000000000000000e+00 1.350000000000000089e+00 4.580000000000000043e-02
-9.499999999999999556e-01 1.350000000000000089e+00 1.750000000000000167e-02
-8.999999999999999112e-01 1.350000000000000089e+00 7.199999999999999803e-03
-8.499999999999999778e-01 1.350000000000000089e+00 2.599999999999999881e-03
-7.999999999999999334e-01 1.350000000000000089e+00 4.000000000000000192e-04
-7.500000000000000000e-01 1.350000000000000089e+00 1.000000000000000048e-04
-6.999999999999999556e-01 1.350000000000000089e+00 0.000000000000000000e+00
-6.499999999999999112e-01 1.350000000000000089e+00 0.000000000000000000e+00
-5.999999999999999778e-01 1.350000000000000089e+00 0.000000000000000000e+00
-5.499999999999999334e-01 1.350000000000000089e+00 0.000000000000000000e+00
-5.000000000000000000e-01 1.350000000000000089e+00 0.000000000000000000e+00
-4.499999999999999556e-01 1.350000000000000089e+00 0.000000000000000000e+00
-3.999999999999999112e-01 1.350000000000000089e+00 0.000000000000000000e+00
-3.499999999999998668e-01 1.350000000000000089e+00 0.000000000000000000e+00
-2.999999999999998224e-01 1.350000000000000089e+00 1.000000000000000048e-04
-2.500000000000000000e-01 1.350000000000000089e+00 1.100000000000000066e-03
-1.999999999999999556e-01 1.350000000000000089e+00 6.499999999999999702e-03
-1.499999999999999112e-01 1.350000000000000089e+00 1.990000000000000102e-02
-1.149999999999999911e+00 1.400000000000000133e+00 1.932999999999999996e-01
-1.100000000000000089e+00 1.400000000000000133e+00 1.584000000000000130e-01
-1.050000000000000044e+00 1.400000000000000133e+00 1.134000000000000008e-01
-1.000000000000000000e+00 1.400000000000000133e+00 7.340000000000000691e-02
-9.499999999999999556e-01 1.400000000000000133e+00 3.819999999999999785e-02
-8.999999999999999112e-01 1.400000000000000133e+00 1.890000000000000013e-02
-8.499999999999999778e-01 1.400000000000000133e+00 5.599999999999999943e-03
-7.999999999999999334e-01 1.400000000000000133e+00 2.500000000000000052e-03
-7.500000000000000000e-01 1.400000000000000133e+00 0.000000000000000000e+00
-6.999999999999999556e-01 1.400000000000000133e+00 0.000000000000000000e+00
-6.499999999999999112e-01 1.400000000000000133e+00 0.000000000000000000e+00
-5.999999999999999778e-01 1.400000000000000133e+00 0.000000000000000000e+00
-5.499999999999999334e-01 1.400000000000000133e+00 0.000000000000000000e+00
-5.000000000000000000e-01 1.400000000000000133e+00 0.000000000000000000e+00
-4.499999999999999556e-01 1.400000000000000133e+00 0.000000000000000000e+00
-3.999999999999999112e-01 1.400000000000000133e+00 0.000000000000000000e+00
-3.499999999999998668e-01 1.400000000000000133e+00 0.000000000000000000e+00
-2.999999999999998224e-01 1.400000000000000133e+00 2.999999999999999737e-04
-2.500000000000000000e-01 1.400000000000000133e+00 3.099999999999999891e-03
-1.999999999999999556e-01 1.400000000000000133e+00 1.030000000000000013e-02
-1.499999999999999112e-01 1.400000000000000133e+00 2.709999999999999909e-02
-1.100000000000000089e+00 1.450000000000000178e+00 1.864999999999999991e-01
-1.050000000000000044e+00 1.450000000000000178e+00 1.355000000000000093e-01
-1.000000000000000000e+00 1.450000000000000178e+00 9.950000000000000511e-02
-9.499999999999999556e-01 1.450000000000000178e+00 5.859999999999999931e-02
-8.999999999999999112e-01 1.450000000000000178e+00 3.059999999999999873e-02
-8.499999999999999778e-01 1.450000000000000178e+00 1.009999999999999960e-02
-7.999999999999999334e-01 1.450000000000000178e+00 8.999999999999999754e-04
-7.500000000000000000e-01 1.450000000000000178e+00 0.000000000000000000e+00
-6.999999999999999556e-01 1.450000000000000178e+00 0.000000000000000000e+00
-6.499999999999999112e-01 1.450000000000000178e+00 0.000000000000000000e+00
-5.999999999999999778e-01 1.450000000000000178e+00 0.000000000000000000e+00
-5.499999999999999334e-01 1.450000000000000178e+00 0.000000000000000000e+00
-5.000000000000000000e-01 1.450000000000000178e+00 0.000000000000000000e+00
-4.499999999999999556e-01 1.450000000000000178e+00 0.000000000000000000e+00
-3.999999999999999112e-01 1.450000000000000178e+00 0.000000000000000000e+00
-3.499999999999998668e-01 1.450000000000000178e+00 0.000000000000000000e+00
-2.999999999999998224e-01 1.450000000000000178e+00 5.999999999999999474e-04
-2.500000000000000000e-01 1.450000000000000178e+00 4.300000000000000003e-03
-1.999999999999999556e-01 1.450000000000000178e+00 1.529999999999999936e-02
-1.499999999999999112e-01 1.450000000000000178e+00 3.540000000000000091e-02
-9.999999999999986677e-02 1.450000000000000178e+00 5.539999999999999786e-02
-1.050000000000000044e+00 1.500000000000000222e+00 1.630000000000000060e-01
-1.000000000000000000e+00 1.500000000000000222e+00 1.193000000000000033e-01
-9.499999999999999556e-01 1.500000000000000222e+00 7.470000000000000251e-02
-8.999999999999999112e-01 1.500000000000000222e+00 3.670000000000000345e-02
-8.499999999999999778e-01 1.500000000000000222e+00 1.030000000000000013e-02
-7.999999999999999334e-01 1.500000000000000222e+00 5.999999999999999474e-04
-7.500000000000000000e-01 1.500000000000000222e+00 1.000000000000000048e-04
-6.999999999999999556e-01 1.500000000000000222e+00 0.000000000000000000e+00
-6.499999999999999112e-01 1.500000000000000222e+00 0.000000000000000000e+00
-5.999999999999999778e-01 1.500000000000000222e+00 0.000000000000000000e+00
-5.499999999999999334e-01 1.500000000000000222e+00 0.000000000000000000e+00
-5.000000000000000000e-01 1.500000000000000222e+00 0.000000000000000000e+00
-4.499999999999999556e-01 1.500000000000000222e+00 0.000000000000000000e+00
-3.999999999999999112e-01 1.500000000000000222e+00 0.000000000000000000e+00
-3.499999999999998668e-01 1.500000000000000222e+00 2.000000000000000096e-04
-2.999999999999998224e-01 1.500000000000000222e+00 5.000000000000000104e-04
-2.500000000000000000e-01 1.500000000000000222e+00 4.100000000000000346e-03
-1.999999999999999556e-01 1.500000000000000222e+00 1.580000000000000154e-02
-1.499999999999999112e-01 1.500000000000000222e+00 3.599999999999999728e-02
-9.999999999999986677e-02 1.500000000000000222e+00 6.700000000000000400e-02
-4.999999999999982236e-02 1.500000000000000222e+00 8.840000000000000635e-02
-1.000000000000000000e+00 1.550000000000000044e+00 1.365000000000000102e-01
-9.499999999999999556e-01 1.550000000000000044e+00 8.659999999999999643e-02
-8.999999999999999112e-01 1.550000000000000044e+00 3.529999999999999805e-02
-8.499999999999999778e-01 1.550000000000000044e+00 7.499999999999999722e-03
-7.999999999999999334e-01 1.550000000000000044e+00 5.999999999999999474e-04
-7.500000000000000000e-01 1.550000000000000044e+00 1.000000000000000048e-04
-6.999999999999999556e-01 1.550000000000000044e+00 0.000000000000000000e+00
-6.499999999999999112e-01 1.550000000000000044e+00 0.000000000000000000e+00
-5.999999999999999778e-01 1.550000000000000044e+00 0.000000000000000000e+00
-5.499999999999999334e-01 1.550000000000000044e+00 0.000000000000000000e+00
-5.000000000000000000e-01 1.550000000000000044e+00 0.000000000000000000e+00
-4.499999999999999556e-01 1.550000000000000044e+00 0.000000000000000000e+00
-3.999999999999999112e-01 1.550000000000000044e+00 0.000000000000000000e+00
-3.499999999999998668e-01 1.550000000000000044e+00 0.000000000000000000e+00
-2.999999999999998224e-01 1.550000000000000044e+00 5.000000000000000104e-04
-2.500000000000000000e-01 1.550000000000000044e+00 1.899999999999999996e-03
-1.999999999999999556e-01 1.550000000000000044e+00 8.899999999999999925e-03
-1.499999999999999112e-01 1.550000000000000044e+00 2.580000000000000002e-02
-9.999999999999986677e-02 1.550000000000000044e+00 4.529999999999999999e-02
-4.999999999999982236e-02 1.550000000000000044e+00 7.799999999999999989e-02
-9.499999999999999556e-01 1.600000000000000089e+00 8.150000000000000300e-02
-8.999999999999999112e-01 1.600000000000000089e+00 3.280000000000000276e-02
-8.499999999999999778e-01 1.600000000000000089e+00 5.899999999999999863e-03
-7.999999999999999334e-01 1.600000000000000089e+00 2.000000000000000096e-04
-7.500000000000000000e-01 1.600000000000000089e+00 0.000000000000000000e+00
-6.999999999999999556e-01 1.600000000000000089e+00 0.000000000000000000e+00
-6.499999999999999112e-01 1.600000000000000089e+00 0.000000000000000000e+00
-5.999999999999999778e-01 1.600000000000000089e+00 0.000000000000000000e+00
-5.499999999999999334e-01 1.600000000000000089e+00 0.000000000000000000e+00
-5.000000000000000000e-01 1.600000000000000089e+00 0.000000000000000000e+00
-4.499999999999999556e-01 1.600000000000000089e+00 0.000000000000000000e+00
-3.999999999999999112e-01 1.600000000000000089e+00 0.000000000000000000e+00
-3.499999999999998668e-01 1.600000000000000089e+00 0.000000000000000000e+00
-2.999999999999998224e-01 1.600000000000000089e+00 1.000000000000000048e-04
-2.500000000000000000e-01 1.600000000000000089e+00 2.000000000000000096e-04
-1.999999999999999556e-01 1.600000000000000089e+00 2.799999999999999972e-03
-1.499999999999999112e-01 1.600000000000000089e+00 1.340000000000000045e-02
-9.999999999999986677e-02 1.600000000000000089e+00 3.180000000000000188e-02
-4.999999999999982236e-02 1.600000000000000089e+00 5.979999999999999899e-02
-8.999999999999999112e-01 1.650000000000000133e+00 3.459999999999999881e-02
-8.499999999999999778e-01 1.650000000000000133e+00 6.000000000000000125e-03
-7.999999999999999334e-01 1.650000000000000133e+00 4.000000000000000192e-04
-7.500000000000000000e-01 1.650000000000000133e+00 0.000000000000000000e+00
-6.999999999999999556e-01 1.650000000000000133e+00 0.000000000000000000e+00
-6.499999999999999112e-01 1.650000000000000133e+00 0.000000000000000000e+00
-5.999999999999999778e-01 1.650000000000000133e+00 0.000000000000000000e+00
-5.499999999999999334e-01 1.650000000000000133e+00 1.000000000000000048e-04
-5.000000000000000000e-01 1.650000000000000133e+00 0.000000000000000000e+00
-4.499999999999999556e-01 1.650000000000000133e+00 1.000000000000000048e-04
-3.999999999999999112e-01 1.650000000000000133e+00 0.000000000000000000e+00
-3.499999999999998668e-01 1.650000000000000133e+00 0.000000000000000000e+00
-2.999999999999998224e-01 1.650000000000000133e+00 0.000000000000000000e+00
-2.500000000000000000e-01 1.650000000000000133e+00 1.000000000000000048e-04
-1.999999999999999556e-01 1.650000000000000133e+00 8.999999999999999754e-04
-1.499999999999999112e-01 1.650000000000000133e+00 4.100000000000000346e-03
-9.999999999999986677e-02 1.650000000000000133e+00 1.389999999999999916e-02
-4.999999999999982236e-02 1.650000000000000133e+00 3.540000000000000091e-02
0.000000000000000000e+00 1.650000000000000133e+00 7.180000000000000271e-02
-8.499999999999999778e-01 1.700000000000000178e+00 9.700000000000000289e-03
-7.999999999999999334e-01 1.700000000000000178e+00 8.000000000000000383e-04
-7.500000000000000000e-01 1.700000000000000178e+00 0.000000000000000000e+00
-6.999999999999999556e-01 1.700000000000000178e+00 0.000000000000000000e+00
-6.499999999999999112e-01 1.700000000000000178e+00 2.000000000000000096e-04
-5.999999999999999778e-01 1.700000000000000178e+00 1.000000000000000021e-03
-5.499999999999999334e-01 1.700000000000000178e+00 5.000000000000000104e-04
-5.000000000000000000e-01 1.700000000000000178e+00 8.000000000000000383e-04
-4.499999999999999556e-01 1.700000000000000178e+00 1.000000000000000048e-04
-3.999999999999999112e-01 1.700000000000000178e+00 2.000000000000000096e-04
-3.499999999999998668e-01 1.700000000000000178e+00 0.000000000000000000e+00
-2.999999999999998224e-01 1.700000000000000178e+00 0.000000000000000000e+00
-2.500000000000000000e-01 1.700000000000000178e+00 0.000000000000000000e+00
-1.999999999999999556e-01 1.700000000000000178e+00 2.000000000000000096e-04
-1.499999999999999112e-01 1.700000000000000178e+00 1.000000000000000021e-03
-9.999999999999986677e-02 1.700000000000000178e+00 4.000000000000000083e-03
-4.999999999999982236e-02 1.700000000000000178e+00 1.859999999999999848e-02
0.000000000000000000e+00 1.700000000000000178e+00 3.980000000000000204e-02
-7.999999999999999334e-01 1.750000000000000222e+00 2.099999999999999870e-03
-7.500000000000000000e-01 1.750000000000000222e+00 2.999999999999999737e-04
-6.999999999999999556e-01 1.750000000000000222e+00 1.100000000000000066e-03
-6.499999999999999112e-01 1.750000000000000222e+00 2.399999999999999790e-03
-5.999999999999999778e-01 1.750000000000000222e+00 3.099999999999999891e-03
-5.499999999999999334e-01 1.750000000000000222e+00 3.399999999999999811e-03
-5.000000000000000000e-01 1.750000000000000222e+00 2.299999999999999961e-03
-4.499999999999999556e-01 1.750000000000000222e+00 2.500000000000000052e-03
-3.999999999999999112e-01 1.750000000000000222e+00 6.999999999999999929e-04
-3.499999999999998668e-01 1.750000000000000222e+00 4.000000000000000192e-04
-2.999999999999998224e-01 1.750000000000000222e+00 0.000000000000000000e+00
-2.500000000000000000e-01 1.750000000000000222e+00 0.000000000000000000e+00
-1.999999999999999556e-01 1.750000000000000222e+00 0.000000000000000000e+00
-1.499999999999999112e-01 1.750000000000000222e+00 0.000000000000000000e+00
-9.999999999999986677e-02 1.750000000000000222e+00 1.199999999999999895e-03
-4.999999999999982236e-02 1.750000000000000222e+00 5.599999999999999943e-03
0.000000000000000000e+00 1.750000000000000222e+00 1.859999999999999848e-02
-6.999999999999999556e-01 1.800000000000000044e+00 5.599999999999999943e-03
-6.499999999999999112e-01 1.800000000000000044e+00 8.200000000000000691e-03
-5.999999999999999778e-01 1.800000000000000044e+00 1.370000000000000037e-02
-5.499999999999999334e-01 1.800000000000000044e+00 1.660000000000000017e-02
-5.000000000000000000e-01 1.800000000000000044e+00 1.159999999999999920e-02
-4.499999999999999556e-01 1.800000000000000044e+00 7.900000000000000772e-03
-3.999999999999999112e-01 1.800000000000000044e+00 3.200000000000000153e-03
-3.499999999999998668e-01 1.800000000000000044e+00 6.999999999999999929e-04
-2.999999999999998224e-01 1.800000000000000044e+00 2.999999999999999737e-04
-2.500000000000000000e-01 1.800000000000000044e+00 0.000000000000000000e+00
-1.999999999999999556e-01 1.800000000000000044e+00 0.000000000000000000e+00
-1.499999999999999112e-01 1.800000000000000044e+00 0.000000000000000000e+00
-9.999999999999986677e-02 1.800000000000000044e+00 1.000000000000000048e-04
-4.999999999999982236e-02 1.800000000000000044e+00 1.100000000000000066e-03
0.000000000000000000e+00 1.800000000000000044e+00 8.399999999999999481e-03
-6.499999999999999112e-01 1.850000000000000311e+00 2.479999999999999913e-02
-5.999999999999999778e-01 1.850000000000000311e+00 3.180000000000000188e-02
-5.499999999999999334e-01 1.850000000000000311e+00 3.049999999999999933e-02
-5.000000000000000000e-01 1.850000000000000311e+00 2.539999999999999897e-02
-4.499999999999999556e-01 1.850000000000000311e+00 1.919999999999999832e-02
-3.999999999999999112e-01 1.850000000000000311e+00 9.299999999999999239e-03
-3.499999999999998668e-01 1.850000000000000311e+00 4.100000000000000346e-03
-2.999999999999998224e-01 1.850000000000000311e+00 6.999999999999999929e-04
-2.500000000000000000e-01 1.850000000000000311e+00 5.000000000000000104e-04
-1.999999999999999556e-01 1.850000000000000311e+00 0.000000000000000000e+00
-1.499999999999999112e-01 1.850000000000000311e+00 0.000000000000000000e+00
-9.999999999999986677e-02 1.850000000000000311e+00 2.000000000000000096e-04
-4.999999999999982236e-02 1.850000000000000311e+00 2.999999999999999737e-04
0.000000000000000000e+00 1.850000000000000311e+00 1.600000000000000077e-03
-5.499999999999999334e-01 1.900000000000000133e+00 5.340000000000000302e-02
-5.000000000000000000e-01 1.900000000000000133e+00 4.909999999999999781e-02
-4.499999999999999556e-01 1.900000000000000133e+00 3.359999999999999792e-02
-3.999999999999999112e-01 1.900000000000000133e+00 2.230000000000000038e-02
-3.499999999999998668e-01 1.900000000000000133e+00 1.159999999999999920e-02
-2.999999999999998224e-01 1.900000000000000133e+00 3.500000000000000073e-03
-2.500000000000000000e-01 1.900000000000000133e+00 6.999999999999999929e-04
-1.999999999999999556e-01 1.900000000000000133e+00 2.000000000000000096e-04
-1.499999999999999112e-01 1.900000000000000133e+00 1.000000000000000048e-04
-9.999999999999986677e-02 1.900000000000000133e+00 0.000000000000000000e+00
-4.999999999999982236e-02 1.900000000000000133e+00 1.000000000000000048e-04
0.000000000000000000e+00 1.900000000000000133e+00 4.000000000000000192e-04
-5.000000000000000000e-01 1.949999999999999956e+00 7.570000000000000340e-02
-4.499999999999999556e-01 1.949999999999999956e+00 5.870000000000000218e-02
-3.999999999999999112e-01 1.949999999999999956e+00 4.139999999999999930e-02
-3.499999999999998668e-01 1.949999999999999956e+00 2.309999999999999901e-02
-2.999999999999998224e-01 1.949999999999999956e+00 1.319999999999999993e-02
-2.500000000000000000e-01 1.949999999999999956e+00 4.599999999999999922e-03
-1.999999999999999556e-01 1.949999999999999956e+00 8.999999999999999754e-04
-1.499999999999999112e-01 1.949999999999999956e+00 4.000000000000000192e-04
-9.999999999999986677e-02 1.949999999999999956e+00 0.000000000000000000e+00
-4.999999999999982236e-02 1.949999999999999956e+00 1.000000000000000048e-04
0.000000000000000000e+00 1.949999999999999956e+00 1.000000000000000048e-04
-3.499999999999998668e-01 2.000000000000000000e+00 4.599999999999999922e-02
-2.999999999999998224e-01 2.000000000000000000e+00 2.840000000000000163e-02
-2.500000000000000000e-01 2.000000000000000000e+00 1.499999999999999944e-02
-1.999999999999999556e-01 2.000000000000000000e+00 5.000000000000000104e-03
-1.499999999999999112e-01 2.000000000000000000e+00 1.500000000000000031e-03
-9.999999999999986677e-02 2.000000000000000000e+00 2.000000000000000096e-04
-4.999999999999982236e-02 2.000000000000000000e+00 0.000000000000000000e+00
